Dataset	Random-mean	P-value
0	0.1945072	9.741162401624386e-07
1	0.1944821	9.786482144564248e-07
2	0.189406	2.5169247503110146e-06
3	0.1912135	1.7956660368742962e-06
4	0.190419	2.0826260048677802e-06
5	0.1904015	2.0894442208515457e-06
6	0.1998185	3.674249545179931e-07
7	0.2080436	8.372566917391254e-08
8	0.2013381	2.78754618992216e-07
9	0.194878	9.095920561524836e-07
10	0.197298	5.825364747073513e-07
11	0.1834026	7.793522653527924e-06
12	0.2003986	3.3060841672686363e-07
13	0.1955704	8.004717909512618e-07
14	0.200214	3.4189842829401564e-07
15	0.2019529	2.4937547022887884e-07
16	0.2025558	2.2362085550191773e-07
17	0.1970587	6.08698045792639e-07
18	0.1992574	4.070031209034451e-07
19	0.1961421	7.2044096607123e-07
20	0.2006257	3.172374907394392e-07
21	0.1932672	1.2256133615985781e-06
22	0.2027399	2.1630884595523238e-07
23	0.2019918	2.4762613149600846e-07
24	0.1893115	2.5618469745058516e-06
25	0.1963934	6.878787996125264e-07
26	0.1934549	1.18368208739232e-06
27	0.1894853	2.479843391600725e-06
28	0.1950869	8.751672942629742e-07
29	0.2015772	2.66931759092972e-07
30	0.200058	3.5174449303900184e-07
31	0.1946325	9.518087767367595e-07
32	0.2008797	3.0293268499913584e-07
33	0.1884836	2.9917674231536196e-06
34	0.1945188	9.72028978625813e-07
35	0.1973185	5.80349093364649e-07
36	0.1999208	3.606420576335714e-07
37	0.1988774	4.362436344585146e-07
38	0.1903653	2.103619971145623e-06
39	0.1923969	1.4406042426649814e-06
40	0.1925924	1.3891980652364086e-06
41	0.2031431	2.0113285166040167e-07
42	0.1933016	1.2178174247382349e-06
43	0.1926961	1.3626888294423932e-06
44	0.1879215	3.324581784841123e-06
45	0.1935469	1.1636637151733582e-06
46	0.1961619	7.178195403623792e-07
47	0.200333	3.3457639418418257e-07
48	0.2009075	3.014073977816196e-07
49	0.2053215	1.3599280501475984e-07
50	0.1975859	5.525692643891943e-07
51	0.1998983	3.6212289571698876e-07
52	0.205211	1.3871015170904137e-07
53	0.1980012	5.120753235609587e-07
54	0.2027245	2.1691106123601595e-07
55	0.1868533	4.063790638827255e-06
56	0.1906551	1.9928092917895543e-06
57	0.1916049	1.6693606711370773e-06
58	0.2014471	2.733001769645872e-07
59	0.1930941	1.2656168399164939e-06
60	0.2036144	1.847599735655571e-07
61	0.1904038	2.088546824661955e-06
62	0.1961866	7.145629438652457e-07
63	0.1984538	4.713650797322308e-07
64	0.1989453	4.308663923814859e-07
65	0.1899317	2.2811761847921684e-06
66	0.1918835	1.5849709011104904e-06
67	0.1983797	4.777979240927751e-07
68	0.1994568	3.9246441892350117e-07
69	0.1968575	6.316158604471017e-07
70	0.1992426	4.08103803145717e-07
71	0.2011625	2.8777570105305097e-07
72	0.1981744	4.960904702847683e-07
73	0.1812503	1.171838755969827e-05
74	0.1960683	7.302976290310892e-07
75	0.1925196	1.4081198359914129e-06
76	0.1980567	5.068969822381772e-07
77	0.200703	3.1281283246486837e-07
78	0.1958225	7.641245037275085e-07
79	0.2106403	5.293559784394404e-08
80	0.2008451	3.0484203418387485e-07
81	0.2032263	1.9813867840221457e-07
82	0.1955233	8.074546804211597e-07
83	0.1915871	1.6749045902563405e-06
84	0.2044754	1.5826603394674501e-07
85	0.1860451	4.731717133250322e-06
86	0.1962561	7.05479870673892e-07
87	0.2060609	1.1915243266754947e-07
88	0.2026293	2.2067191258453315e-07
89	0.1968392	6.337433195346235e-07
90	0.1909857	1.8735890939514567e-06
91	0.1940651	1.0571481664456037e-06
92	0.1942224	1.0268128694803145e-06
93	0.1956376	7.90614869027507e-07
94	0.1886303	2.9105890788448113e-06
95	0.1971837	5.948868445412967e-07
96	0.2012939	2.8099785583358804e-07
97	0.1982387	4.902859729083447e-07
98	0.2027002	2.1786478236846285e-07
99	0.1862552	4.5480930061058875e-06
100	0.1951291	8.683751860526595e-07
101	0.2038481	1.7715105808621262e-07
102	0.1944049	9.927216675738184e-07
103	0.2042688	1.6424803820858476e-07
104	0.1938862	1.0927554075872448e-06
105	0.1881491	3.185533410036667e-06
106	0.2047189	1.5149960950253794e-07
107	0.1946613	9.467550925249187e-07
108	0.1981902	4.946577329863934e-07
109	0.2020992	2.4286087326911225e-07
110	0.1951542	8.643607163491363e-07
111	0.1846432	6.164184946312367e-06
112	0.1931355	1.2559304717856637e-06
113	0.2004725	3.261956636604778e-07
114	0.1896452	2.4067444413178185e-06
115	0.2042538	1.6469122018506064e-07
116	0.197068	6.076593732885903e-07
117	0.1944017	9.93309433181311e-07
118	0.1902177	2.1624341520652995e-06
119	0.1894005	2.5195173007943346e-06
120	0.1924967	1.4141257014932951e-06
121	0.1972221	5.907082574287906e-07
122	0.195472	8.151305941164397e-07
123	0.1906668	1.988461754637861e-06
124	0.1966141	6.605152040021499e-07
125	0.196208	7.117535647539932e-07
126	0.198796	4.4277995869971084e-07
127	0.2076874	8.918932006932161e-08
128	0.1938522	1.0996588778004144e-06
129	0.1942462	1.0223005365779441e-06
130	0.1939993	1.0701057927913138e-06
131	0.1889811	2.7253808226179227e-06
132	0.1846768	6.125191880575696e-06
133	0.1965183	6.722546568795382e-07
134	0.1989173	4.3307560391231695e-07
135	0.1883577	3.063258986618169e-06
136	0.2083702	7.901610092354808e-08
137	0.2003476	3.336891083603571e-07
138	0.191871	1.5886630028325226e-06
139	0.2060723	1.1891012632453181e-07
140	0.2041886	1.6663177822086545e-07
141	0.206341	1.1334201569142884e-07
142	0.1976084	5.502942664817824e-07
143	0.1894776	2.483419624306848e-06
144	0.1878476	3.371036475926507e-06
145	0.1976802	5.430979051696086e-07
146	0.1834581	7.712105765917847e-06
147	0.2003188	3.3544167195117037e-07
148	0.1953534	8.331611516682585e-07
149	0.199994	3.5586685142519046e-07
150	0.1889794	2.7262489942484253e-06
151	0.2005122	3.238498527333234e-07
152	0.1938822	1.0935652947320797e-06
153	0.1928299	1.3292406923110785e-06
154	0.1854277	5.31579733592353e-06
155	0.1872896	3.743653810189724e-06
156	0.2006256	3.172432557760976e-07
157	0.2003213	3.352891694608959e-07
158	0.1973384	5.782337105035657e-07
159	0.1912668	1.7779124847090618e-06
160	0.1916019	1.6702937358336464e-06
161	0.185443	5.3004784899404705e-06
162	0.1944693	9.809675673422892e-07
163	0.1966082	6.61232146925551e-07
164	0.1852944	5.451165935661641e-06
165	0.2005114	3.2389695372925216e-07
166	0.1987401	4.473262176386669e-07
167	0.1924533	1.4255792933479742e-06
168	0.1971873	5.944938302427481e-07
169	0.1922183	1.4892500408187369e-06
170	0.1936346	1.14490048781023e-06
171	0.1919156	1.5755293469902503e-06
172	0.19354	1.1651531173912775e-06
173	0.1918791	1.586269528752831e-06
174	0.2024102	2.2958153695177787e-07
175	0.2011142	2.9030869350825903e-07
176	0.1960321	7.35182390814775e-07
177	0.1968788	6.291487664135833e-07
178	0.1880791	3.2276612128871865e-06
179	0.2012449	2.8350617178440233e-07
180	0.1774822	2.3986505913315625e-05
181	0.1916587	1.6527170313024663e-06
182	0.2030949	2.0288848462827088e-07
183	0.1882707	3.1136681331365085e-06
184	0.1900162	2.245422388325555e-06
185	0.1917545	1.6234950894774865e-06
186	0.1972504	5.876478116105832e-07
187	0.1973093	5.813297139631081e-07
188	0.1963864	6.887652823099732e-07
189	0.1977204	5.391105558671506e-07
190	0.1990417	4.233475947886782e-07
191	0.1858793	4.88189362120766e-06
192	0.2002521	3.3953658453182174e-07
193	0.1860268	4.7480611376604005e-06
194	0.2012349	2.840208646453888e-07
195	0.2043078	1.6310143952549099e-07
196	0.1858696	4.89082709561258e-06
197	0.1991683	4.136754128350093e-07
198	0.2039429	1.7415617952871649e-07
199	0.197101	6.039882610343797e-07
200	0.201489	2.712324667864429e-07
201	0.1910026	1.8676923530929047e-06
202	0.1926597	1.3719350184780753e-06
203	0.2035557	1.8672290464514158e-07
204	0.1887853	2.8272352963468066e-06
205	0.2002233	3.4132037866234444e-07
206	0.1955324	8.061007440683752e-07
207	0.193123	1.258847155855183e-06
208	0.1996813	3.767259569429974e-07
209	0.1974382	5.677424052151221e-07
210	0.1949596	8.959845703701603e-07
211	0.1939011	1.0897439256456133e-06
212	0.1958041	7.667197927389429e-07
213	0.2038813	1.7609629828523478e-07
214	0.2023044	2.340140732857551e-07
215	0.1872717	3.756272729333752e-06
216	0.2000603	3.515972527730976e-07
217	0.1948297	9.177450587599756e-07
218	0.1885189	2.9720269543147695e-06
219	0.1916308	1.6613271298266465e-06
220	0.1959214	7.503267771083768e-07
221	0.1963519	6.931513466167964e-07
222	0.193789	1.1126089194164065e-06
223	0.1945273	9.705023996790104e-07
224	0.1991311	4.164939460780271e-07
225	0.199524	3.8768454691102556e-07
226	0.2051536	1.4014345890557092e-07
227	0.1992315	4.089312996710896e-07
228	0.2006491	3.158913969137745e-07
229	0.2024612	2.27475480083643e-07
230	0.1898038	2.3363924371263597e-06
231	0.199761	3.712942196069017e-07
232	0.1839287	7.055299140200106e-06
233	0.1966298	6.586112480500293e-07
234	0.1953758	8.297249887242714e-07
235	0.1942772	1.0164532642955203e-06
236	0.1951577	8.638024273465321e-07
237	0.202602	2.2176258664833353e-07
238	0.2000839	3.5009005477423874e-07
239	0.1942964	1.012848746256275e-06
240	0.1955353	8.056697540303549e-07
241	0.1925565	1.3984965811612717e-06
242	0.1964082	6.860083327200002e-07
243	0.1967915	6.393229240356617e-07
244	0.1938804	1.0939299424589307e-06
245	0.1973946	5.723017953962083e-07
246	0.1944129	9.912537961146165e-07
247	0.1928	1.336642367690514e-06
248	0.1975863	5.525287367033104e-07
249	0.2033993	1.9205721818880265e-07
250	0.2000934	3.494851994086389e-07
251	0.201919	2.5091020886544117e-07
252	0.2057406	1.2617000875441527e-07
253	0.1823048	9.59446221083179e-06
254	0.202802	2.138976460017963e-07
255	0.1942868	1.0146493821997924e-06
256	0.1905	2.0513595155301005e-06
257	0.1913469	1.7515658077524988e-06
258	0.2014913	2.7111942659016416e-07
259	0.2011596	2.8792714926829387e-07
260	0.1954826	8.135384923657785e-07
261	0.1971017	6.039106333340896e-07
262	0.1945239	9.711127392740423e-07
263	0.1971387	5.998218410397967e-07
264	0.1941694	1.0369340435814527e-06
265	0.2038224	1.7797195882142683e-07
266	0.2007183	3.1194452599394105e-07
267	0.196632	6.583448970758739e-07
268	0.2021225	2.4183944595755185e-07
269	0.1980198	5.10333919868409e-07
270	0.1983759	4.781302075881883e-07
271	0.1906061	2.011121696383067e-06
272	0.1995137	3.8841331871645307e-07
273	0.1852037	5.545256822173788e-06
274	0.1964365	6.824460579496388e-07
275	0.2037364	1.8074721263324403e-07
276	0.1948324	9.172873509591671e-07
277	0.1972789	5.845820072937915e-07
278	0.2068805	1.0295076179616344e-07
279	0.2120559	4.1302362376651694e-08
280	0.2112439	4.7613167978731444e-08
281	0.2006847	3.1385462372831737e-07
282	0.1958627	7.58485331301792e-07
283	0.1812924	1.1625146723068573e-05
284	0.1925972	1.3879595661081332e-06
285	0.1903352	2.115481076014405e-06
286	0.1898368	2.3220177264853182e-06
287	0.203025	2.0546226954489033e-07
288	0.1933546	1.2059044893483426e-06
289	0.187881	3.3499600210830446e-06
290	0.1918099	1.6068357361956213e-06
291	0.1965483	6.685558160057256e-07
292	0.1994484	3.9306609975824827e-07
293	0.1954901	8.124139115362644e-07
294	0.1956824	7.841120932520922e-07
295	0.2030028	2.0628662869796145e-07
296	0.1982604	4.883426771486817e-07
297	0.1920626	1.5330147342341843e-06
298	0.1989189	4.329490537306208e-07
299	0.1918571	1.5927788498368398e-06
300	0.1989571	4.299388006789598e-07
301	0.1980546	5.070919478781676e-07
302	0.1954268	8.219551154061515e-07
303	0.194188	1.0333706140259711e-06
304	0.2053201	1.3602689156699698e-07
305	0.1966763	6.53004764678551e-07
306	0.2021153	2.421546126560016e-07
307	0.1984234	4.7399348338581976e-07
308	0.1897341	2.3670501647693166e-06
309	0.1968155	6.365093695049197e-07
310	0.2005978	3.1885007450142993e-07
311	0.1934175	1.1919194625044222e-06
312	0.1959036	7.527912989492936e-07
313	0.1893273	2.554280097314674e-06
314	0.198558	4.624677137410581e-07
315	0.1989919	4.2721499071578336e-07
316	0.1951359	8.67285736306877e-07
317	0.2029144	2.0960274286223305e-07
318	0.188541	2.9597352665474887e-06
319	0.1985629	4.620535410051324e-07
320	0.2017234	2.599551207503238e-07
321	0.2055817	1.2980627052227286e-07
322	0.1972745	5.850542621837605e-07
323	0.1954757	8.145745016576149e-07
324	0.2038494	1.7710963650062922e-07
325	0.1988376	4.394271876482228e-07
326	0.1930361	1.279314593202483e-06
327	0.1906734	1.9860135341143205e-06
328	0.1933058	1.2168690443424058e-06
329	0.1954331	8.210004440333535e-07
330	0.2006937	3.13341827200248e-07
331	0.1979555	5.163796119197957e-07
332	0.2036849	1.8243018991976412e-07
333	0.1878822	3.3492052662401583e-06
334	0.1907668	1.9516927883885895e-06
335	0.1927962	1.3375860352036485e-06
336	0.1957692	7.716669786616855e-07
337	0.1906764	1.9849017153904447e-06
338	0.2005341	3.225631642892713e-07
339	0.1995583	3.8526767089758856e-07
340	0.1934686	1.1806791136910475e-06
341	0.1915914	1.6735636232672978e-06
342	0.198746	4.4684414946872385e-07
343	0.1903185	2.1220909900789207e-06
344	0.200518	3.235085787291294e-07
345	0.2015944	2.6610118858258963e-07
346	0.1936622	1.1390592006260618e-06
347	0.2034217	1.9128380763961117e-07
348	0.1974614	5.653313609899968e-07
349	0.1942523	1.0211472549091598e-06
350	0.1952931	8.424830992676504e-07
351	0.192936	1.3033094192493477e-06
352	0.1971204	6.018406105691722e-07
353	0.1935464	1.1637715779840614e-06
354	0.1925004	1.413153566507441e-06
355	0.192603	1.386464538789664e-06
356	0.1956787	7.846470907968941e-07
357	0.196861	6.312097960719823e-07
358	0.1880992	3.215507209256714e-06
359	0.2037494	1.80324887500705e-07
360	0.1840789	6.857770777036629e-06
361	0.1979204	5.19710469858699e-07
362	0.1959497	7.464253098071724e-07
363	0.1946406	9.503846689936145e-07
364	0.1930202	1.283095838986707e-06
365	0.2021841	2.3916002140159653e-07
366	0.1947036	9.393817870957498e-07
367	0.1917575	1.6225884947766116e-06
368	0.1977743	5.338109456343593e-07
369	0.1913933	1.7364849905960124e-06
370	0.1889209	2.7562953214289494e-06
371	0.186868	4.052566945125006e-06
372	0.2041687	1.6722869051445436e-07
373	0.1953494	8.337762697438296e-07
374	0.2017925	2.567225159477089e-07
375	0.1974705	5.6438849110679e-07
376	0.2027324	2.1660191978224535e-07
377	0.1933327	1.21081261847616e-06
378	0.1965181	6.722793853980341e-07
379	0.1924648	1.4225352340031807e-06
380	0.2053907	1.3431875381153915e-07
381	0.1972672	5.858386306784064e-07
382	0.1919553	1.5639311561574242e-06
383	0.1948851	9.083997903951768e-07
384	0.1911416	1.8198997545392702e-06
385	0.1978808	5.234945699502055e-07
386	0.1955776	7.994097549546866e-07
387	0.1995769	3.8396347135629144e-07
388	0.1966737	6.533169629259594e-07
389	0.193282	1.2222531149776462e-06
390	0.1869118	4.019310178894919e-06
391	0.1892198	2.6062134134382705e-06
392	0.1892919	2.571265248737646e-06
393	0.2021258	2.4169513406230714e-07
394	0.1974122	5.704568490375682e-07
395	0.2030872	2.0317039027383196e-07
396	0.1928067	1.3349801758404904e-06
397	0.2015377	2.688491703546893e-07
398	0.1988361	4.3954763136835004e-07
399	0.2030339	2.0513272545195748e-07
400	0.1965545	6.677939684640745e-07
401	0.2071221	9.861722272758104e-08
402	0.2030377	2.0499218516072572e-07
403	0.1983085	4.840630337061988e-07
404	0.1943336	1.0059018337739193e-06
405	0.1976599	5.451227855605288e-07
406	0.1884391	3.0168417095483434e-06
407	0.2035809	1.8587762771026758e-07
408	0.1891792	2.626103991592921e-06
409	0.2038028	1.7860061766203088e-07
410	0.1908739	1.913075940167513e-06
411	0.1973849	5.73321201235385e-07
412	0.1849689	5.796517974464188e-06
413	0.192677	1.3675326383690381e-06
414	0.1876494	3.4988932720241513e-06
415	0.1977173	5.394169772910195e-07
416	0.2020573	2.447087461653434e-07
417	0.1988046	4.420847128909561e-07
418	0.1975521	5.560047823810498e-07
419	0.1919399	1.5684199012348036e-06
420	0.2022963	2.3435699413064574e-07
421	0.1899372	2.2788315864047053e-06
422	0.2083979	7.862930676440351e-08
423	0.1976028	5.508595975364377e-07
424	0.1927935	1.3382569460162913e-06
425	0.1940686	1.0564634038351644e-06
426	0.196666	6.542424391849698e-07
427	0.1899181	2.2869842215296325e-06
428	0.1872704	3.7571908590556507e-06
429	0.194934	9.002312107476045e-07
430	0.197551	5.561169529281519e-07
431	0.1989176	4.330518728904733e-07
432	0.1889371	2.7479414313850875e-06
433	0.2007046	3.127219142189761e-07
434	0.2021723	2.396709387494181e-07
435	0.1894676	2.4880718702739353e-06
436	0.2003675	3.324835769766692e-07
437	0.1923348	1.4573333300486476e-06
438	0.1916445	1.6570935703833181e-06
439	0.1950392	8.829095442993242e-07
440	0.1954929	8.119944724759391e-07
441	0.1971822	5.95050678351711e-07
442	0.1996358	3.7986303456772114e-07
443	0.1998452	3.6564222925584537e-07
444	0.184475	6.363178448587776e-06
445	0.201721	2.6006813759820933e-07
446	0.1977813	5.33126577451373e-07
447	0.1995324	3.8709123771870417e-07
448	0.1977256	5.385969555692965e-07
449	0.1908653	1.9161480628351637e-06
450	0.1942663	1.018505364880843e-06
451	0.193996	1.0707598677846058e-06
452	0.1962776	7.026937995067519e-07
453	0.2007523	3.10023720394887e-07
454	0.1978402	5.274032873118758e-07
455	0.2071283	9.850849455043248e-08
456	0.2016989	2.611111865942297e-07
457	0.1923385	1.4563310975727255e-06
458	0.1977991	5.313903381669202e-07
459	0.1912984	1.7674709471005674e-06
460	0.2043172	1.6282630089274293e-07
461	0.1904853	2.056998311401185e-06
462	0.1925877	1.3904118472552595e-06
463	0.185358	5.386150465334916e-06
464	0.2027919	2.1428793512850945e-07
465	0.2056767	1.2761965379404488e-07
466	0.1893053	2.564822445623377e-06
467	0.1948572	9.130940352904121e-07
468	0.1936803	1.1352449128026332e-06
469	0.1868042	4.101507354421376e-06
470	0.1957901	7.687004598526302e-07
471	0.1963626	6.917880065865437e-07
472	0.1927211	1.3563750223673593e-06
473	0.1863864	4.437091976747733e-06
474	0.2007357	3.109600183090651e-07
475	0.198381	4.776843020251085e-07
476	0.2026415	2.2018627142569882e-07
477	0.2021369	2.412103640083609e-07
478	0.2025849	2.2244854875835245e-07
479	0.1906127	2.0086452362342807e-06
480	0.200589	3.193604302597374e-07
481	0.1963814	6.893991941148515e-07
482	0.1948916	9.073096694058591e-07
483	0.1988006	4.4240794494997716e-07
484	0.1812195	1.1787078009760026e-05
485	0.1873573	3.696313542354009e-06
486	0.1959757	7.428590694925309e-07
487	0.2015311	2.6917091133266657e-07
488	0.1902117	2.1648598617011305e-06
489	0.1959816	7.420522172582345e-07
490	0.1941226	1.0459553088864375e-06
491	0.188782	2.8289845340924367e-06
492	0.1945056	9.74404494803994e-07
493	0.1940494	1.0602253570702148e-06
494	0.1887085	2.868229709015231e-06
495	0.2013514	2.780831893216884e-07
496	0.1991084	4.182234375578268e-07
497	0.1963788	6.897290622551118e-07
498	0.1984581	4.7099449617233056e-07
499	0.1981383	4.993798427979874e-07
500	0.1959253	7.497878920366287e-07
501	0.1929381	1.3028013769966824e-06
502	0.1999025	3.6184600414372125e-07
503	0.1957506	7.743168072430628e-07
504	0.1938179	1.1066680678169794e-06
505	0.1933103	1.2158537531345795e-06
506	0.1867253	4.162857221634899e-06
507	0.19454	9.682260401852882e-07
508	0.1910442	1.853257212736959e-06
509	0.2026266	2.207795377745318e-07
510	0.1893196	2.5579649247136775e-06
511	0.2004199	3.2933035036023813e-07
512	0.1988679	4.370013920868825e-07
513	0.1946251	9.53111705184984e-07
514	0.1960941	7.268363388069494e-07
515	0.1963227	6.968857559103358e-07
516	0.2027088	2.1752676450579675e-07
517	0.1958679	7.577589773093717e-07
518	0.1886955	2.8752281087861558e-06
519	0.1988371	4.394673318283413e-07
520	0.1958019	7.67030697129065e-07
521	0.1995225	3.877905922048972e-07
522	0.2014596	2.726816456340867e-07
523	0.2004991	3.24622009011628e-07
524	0.1981705	4.964447688582313e-07
525	0.1993678	3.9888724422537874e-07
526	0.2010407	2.9420682987376994e-07
527	0.2003531	3.33355477563441e-07
528	0.1942996	1.0122492546209408e-06
529	0.2082064	8.134334700600404e-08
530	0.1849436	5.824268158407674e-06
531	0.1836509	7.4358756107895004e-06
532	0.1977751	5.337326869896204e-07
533	0.1940676	1.0566590043921082e-06
534	0.1960116	7.379633158172259e-07
535	0.1978057	5.307480244890035e-07
536	0.2035551	1.867430779100397e-07
537	0.185125	5.628225911448597e-06
538	0.1954567	8.174342041098281e-07
539	0.1975794	5.532282625724417e-07
540	0.1990488	4.2279912406326447e-07
541	0.1950012	8.891270721975612e-07
542	0.1968162	6.364274964275781e-07
543	0.1885989	2.927775289964776e-06
544	0.1965299	6.708219814591577e-07
545	0.1959135	7.5141956958329e-07
546	0.1989494	4.305438632512958e-07
547	0.1953838	8.285012750545408e-07
548	0.1997436	3.7247323693747477e-07
549	0.2017909	2.5679690199771773e-07
550	0.1976792	5.431974738617529e-07
551	0.1878341	3.3795933833345603e-06
552	0.2037592	1.8000718353198323e-07
553	0.2063059	1.1405401704909087e-07
554	0.1935761	1.1573820718773582e-06
555	0.1985573	4.625269120580177e-07
556	0.1894274	2.5068630196704896e-06
557	0.1968129	6.368135631347803e-07
558	0.189259	2.587153290733711e-06
559	0.1949356	8.999651985796364e-07
560	0.1849517	5.8153691589516555e-06
561	0.1919236	1.5731851919405596e-06
562	0.2022029	2.383483056391654e-07
563	0.2041088	1.690385999338309e-07
564	0.1912269	1.7911858467821566e-06
565	0.1989834	4.278786664424944e-07
566	0.1838341	7.182641561405976e-06
567	0.1971545	5.980843911519438e-07
568	0.1926007	1.387057199134988e-06
569	0.2103654	5.5557186233860495e-08
570	0.1976577	5.453426907237586e-07
571	0.201655	2.6319576636297005e-07
572	0.1939489	1.0801396034273834e-06
573	0.1880534	3.2432690691393067e-06
574	0.1988105	4.416083835489037e-07
575	0.198307	4.841959172492227e-07
576	0.1915262	1.6940136766271553e-06
577	0.2030941	2.029177549843915e-07
578	0.201463	2.725136515666565e-07
579	0.1968023	6.380552653634868e-07
580	0.203269	1.966196619876032e-07
581	0.1923981	1.4402828984066665e-06
582	0.1990258	4.2457848429081575e-07
583	0.1907389	1.9618815634499608e-06
584	0.1966567	6.55361996842584e-07
585	0.1916946	1.6417045328010338e-06
586	0.1949733	8.937203069347328e-07
587	0.1942592	1.0198443132315454e-06
588	0.1891895	2.6210433720125464e-06
589	0.1952597	8.476919666300159e-07
590	0.1902715	2.140806144436916e-06
591	0.1952189	8.540992512288684e-07
592	0.1935592	1.1610134785548936e-06
593	0.1933515	1.2065980202745116e-06
594	0.1924381	1.4296128741207722e-06
595	0.2040871	1.6969918741261403e-07
596	0.1949173	9.030124778964812e-07
597	0.2003298	3.3477118807253804e-07
598	0.2000471	3.5244313680019376e-07
599	0.1938393	1.1022896914963554e-06
600	0.1968422	6.333940578362548e-07
601	0.198263	4.881103653836972e-07
602	0.1983512	4.802957802155269e-07
603	0.1995811	3.836695962602491e-07
604	0.1980662	5.060159457162913e-07
605	0.1901927	2.172559455777912e-06
606	0.1924527	1.4257382948533317e-06
607	0.1915529	1.6856087709420597e-06
608	0.1993123	4.0294646993718446e-07
609	0.1913219	1.7597461530246219e-06
610	0.1897435	2.3628919244973733e-06
611	0.2021847	2.391340721791686e-07
612	0.1993147	4.027700703969366e-07
613	0.2037266	1.8106624636262498e-07
614	0.1986734	4.528129349550564e-07
615	0.19026	2.1454107629213267e-06
616	0.1904333	2.0770712680208984e-06
617	0.1986158	4.5760608913708623e-07
618	0.1921914	1.4967197297827782e-06
619	0.1982818	4.86433909970346e-07
620	0.1869422	3.996390026239919e-06
621	0.1942533	1.0209583182439572e-06
622	0.1919909	1.5536043168742477e-06
623	0.1878713	3.356067269576129e-06
624	0.193123	1.258847155855183e-06
625	0.2010304	2.947573361329273e-07
626	0.196368	6.911009995515792e-07
627	0.195123	8.693536677981851e-07
628	0.1951335	8.676700895677612e-07
629	0.1937571	1.1192040183340677e-06
630	0.1993123	4.0294646993718446e-07
631	0.200933	3.0001517145435066e-07
632	0.197602	5.509404072506662e-07
633	0.1857032	5.046672840751747e-06
634	0.1967037	6.49723869019182e-07
635	0.1924128	1.436352319521153e-06
636	0.1896827	2.389919041883411e-06
637	0.1987584	4.458327090131477e-07
638	0.2015603	2.677504114880932e-07
639	0.2031912	1.9939627335976865e-07
640	0.1916671	1.6501336047938806e-06
641	0.1891475	2.641740998815662e-06
642	0.1900487	2.231822372894434e-06
643	0.1998648	3.643391604024172e-07
644	0.1909042	1.9022917397226578e-06
645	0.1959529	7.459854519919466e-07
646	0.2045681	1.5565451351262016e-07
647	0.1850106	5.75107028291165e-06
648	0.1960756	7.293165781543317e-07
649	0.2021027	2.4270716028352284e-07
650	0.1905191	2.0440562780401456e-06
651	0.1884952	2.985265890962615e-06
652	0.2006904	3.135297535962938e-07
653	0.1980083	5.114098830599391e-07
654	0.1910327	1.8572363633487915e-06
655	0.1898182	2.330108797583634e-06
656	0.2066249	1.0774704984352468e-07
657	0.1871182	3.8662648038070895e-06
658	0.1903408	2.1132692457221603e-06
659	0.1964965	6.749555075489376e-07
660	0.1957589	7.731332179165939e-07
661	0.1894436	2.4992732595852003e-06
662	0.2004588	3.270091790033595e-07
663	0.1964815	6.768202854603965e-07
664	0.1985353	4.643913591158769e-07
665	0.1965727	6.655626638034459e-07
666	0.2047876	1.496443786568933e-07
667	0.2091819	6.844653245462831e-08
668	0.1912277	1.7909187310224025e-06
669	0.1887678	2.8365240509945358e-06
670	0.1970856	6.056986361001794e-07
671	0.1866912	4.189658209821703e-06
672	0.1942562	1.0204106023469448e-06
673	0.1999927	3.559510938834231e-07
674	0.2039775	1.7307599632984278e-07
675	0.1908119	1.935335897307639e-06
676	0.1941635	1.03806697976345e-06
677	0.1917688	1.6191782550184506e-06
678	0.2027535	2.157784343660029e-07
679	0.1903163	2.122963313825188e-06
680	0.1904174	2.0832484483047843e-06
681	0.1971638	5.970641049537421e-07
682	0.1917719	1.618243971965241e-06
683	0.1935747	1.1576824605877261e-06
684	0.1950835	8.757168661301221e-07
685	0.1985396	4.6402634505340356e-07
686	0.1895975	2.42831962308909e-06
687	0.1904498	2.0706805842222346e-06
688	0.1904045	2.0882737815104094e-06
689	0.1900946	2.212756810740178e-06
690	0.1989561	4.300173313871898e-07
691	0.1978436	5.270748220752335e-07
692	0.2005483	3.217316522265404e-07
693	0.2038881	1.7588105324148032e-07
694	0.1924073	1.4378216703665676e-06
695	0.1886929	2.8766298591462827e-06
696	0.2029408	2.0860676720683175e-07
697	0.1960969	7.26461697784918e-07
698	0.187121	3.864229584811129e-06
699	0.1944336	9.874658860025504e-07
700	0.1887452	2.848565485252261e-06
701	0.1965003	6.744839256513322e-07
702	0.1941055	1.0492713561955703e-06
703	0.1981043	5.024981257071271e-07
704	0.2089116	7.179584850969123e-08
705	0.1831621	8.156457641388169e-06
706	0.2024902	2.2628669657947062e-07
707	0.2074141	9.362685302076093e-08
708	0.1930236	1.2822863198316487e-06
709	0.1883743	3.0537348119013827e-06
710	0.195408	8.248106767152474e-07
711	0.1915195	1.6961294255285147e-06
712	0.1861771	4.615495950465714e-06
713	0.1990397	4.2350222406458517e-07
714	0.1987735	4.446041760376082e-07
715	0.1934089	1.1938218206573065e-06
716	0.2012002	2.8581423104213215e-07
717	0.1881861	3.163490807464175e-06
718	0.1996296	3.802925552991819e-07
719	0.1931707	1.2477538332773885e-06
720	0.1931372	1.2555343321494402e-06
721	0.2039325	1.744821986057497e-07
722	0.1983639	4.791810659364586e-07
723	0.1882174	3.1449643603180294e-06
724	0.1820226	1.0121645945135608e-05
725	0.1902948	2.1315074208988744e-06
726	0.1925971	1.387985356759521e-06
727	0.190685	1.9817179920015323e-06
728	0.1995189	3.8804522121586027e-07
729	0.1934896	1.1760909986063219e-06
730	0.1942721	1.0174128990238155e-06
731	0.1962518	7.060384289245679e-07
732	0.1979595	5.160014058411995e-07
733	0.1979412	5.177340027763582e-07
734	0.1940241	1.065203263838884e-06
735	0.2030012	2.063461718638518e-07
736	0.2012215	2.8471204343470314e-07
737	0.1951279	8.685675859539149e-07
738	0.2012026	2.856898242540006e-07
739	0.1900597	2.227238193606235e-06
740	0.2002482	3.397775840613403e-07
741	0.1946337	9.515976613242197e-07
742	0.2038161	1.7817378167049873e-07
743	0.198182	4.954007800837021e-07
744	0.1925425	1.4021398114652233e-06
745	0.1947557	9.303802300902541e-07
746	0.1998196	3.673513346926559e-07
747	0.1968709	6.300626484811529e-07
748	0.193727	1.125463318902294e-06
749	0.1931654	1.2489815162454196e-06
750	0.2008825	3.027787041074061e-07
751	0.1913227	1.7594837838059404e-06
752	0.2004166	3.2952803129845864e-07
753	0.189094	2.6683454029081583e-06
754	0.1970604	6.08508046377105e-07
755	0.2013608	2.776096373971566e-07
756	0.1996747	3.771793675773119e-07
757	0.1931025	1.2636453862321145e-06
758	0.1965654	6.664567272344313e-07
759	0.2031226	2.018776445491797e-07
760	0.1964635	6.790649237086192e-07
761	0.201959	2.4910032335702124e-07
762	0.1986991	4.506908103736271e-07
763	0.1937569	1.119245491691116e-06
764	0.1984992	4.6746730753135374e-07
765	0.1988629	4.3740074895603306e-07
766	0.2015173	2.6984490868840485e-07
767	0.199662	3.7805340077918664e-07
768	0.2006939	3.133304414037026e-07
769	0.2030175	2.057403935689121e-07
770	0.1915786	1.677558541065571e-06
771	0.1855923	5.1533127775726006e-06
772	0.2058842	1.2297317522348072e-07
773	0.2008399	3.051300444120545e-07
774	0.1903658	2.1034235121135564e-06
775	0.1985839	4.602827790489324e-07
776	0.199754	3.717680801581262e-07
777	0.1946935	9.41137006473992e-07
778	0.1969576	6.201064124660142e-07
779	0.1982105	4.92823105097264e-07
780	0.1979991	5.122723124782377e-07
781	0.1994084	3.9594413411609947e-07
782	0.2017846	2.5709001027553714e-07
783	0.2003899	3.3113189336952205e-07
784	0.2080415	8.375685976986817e-08
785	0.1849712	5.794001853276725e-06
786	0.1981644	4.969994436672585e-07
787	0.1824296	9.370222224262714e-06
788	0.2019128	2.5119193627636985e-07
789	0.1892292	2.6016299687480195e-06
790	0.1909491	1.8864242397983675e-06
791	0.1972071	5.923369593454761e-07
792	0.190637	1.999553931377621e-06
793	0.1858512	4.907818427606278e-06
794	0.2053946	1.3422503423149772e-07
795	0.1970825	6.060435265495818e-07
796	0.1918368	1.598809174701398e-06
797	0.2012112	2.852444853544301e-07
798	0.1940544	1.05924437571202e-06
799	0.1959459	7.469479828290871e-07
800	0.1911062	1.831952618075472e-06
801	0.2046723	1.5277135166779126e-07
802	0.195478	8.142290165794527e-07
803	0.2006782	3.142255074309275e-07
804	0.20424	1.6510002298027252e-07
805	0.1991883	4.1216809223878555e-07
806	0.1980001	5.121784986340039e-07
807	0.1971003	6.040658988662351e-07
808	0.194166	1.0375867688991847e-06
809	0.1961744	7.16169586864595e-07
810	0.1934568	1.1832651546362441e-06
811	0.187769	3.421165839117181e-06
812	0.1916334	1.6605228393412308e-06
813	0.1959173	7.508937211141431e-07
814	0.1926899	1.3642592567644796e-06
815	0.2014699	2.7217304597084737e-07
816	0.19983	3.666560333315794e-07
817	0.2036148	1.8474666985288737e-07
818	0.1977601	5.352019775542325e-07
819	0.1970507	6.095929696980491e-07
820	0.2010932	2.914170562068049e-07
821	0.1925481	1.4006813668379112e-06
822	0.2004149	3.296299140136278e-07
823	0.1986159	4.5759772317308395e-07
824	0.20188	2.526877288912969e-07
825	0.1996264	3.8051443653263275e-07
826	0.1940929	1.051721578799165e-06
827	0.1905209	2.043369373076499e-06
828	0.2090546	7.000360136548579e-08
829	0.1905181	2.04443799288545e-06
830	0.1998746	3.636893971993485e-07
831	0.1890319	2.6995664056995945e-06
832	0.1984995	4.6744166052645215e-07
833	0.2043984	1.6046915809801145e-07
834	0.2022089	2.380898379145037e-07
835	0.2010258	2.950035315923453e-07
836	0.2025083	2.2554793772846486e-07
837	0.1946629	9.464751315490529e-07
838	0.1928761	1.3178855649827806e-06
839	0.1966382	6.575948597522028e-07
840	0.1991061	4.1839907907911625e-07
841	0.1903138	2.123955031291286e-06
842	0.1956129	7.942234793643425e-07
843	0.199618	3.810975010341665e-07
844	0.1933316	1.2110596788702103e-06
845	0.187889	3.344931566885887e-06
846	0.2029402	2.0862934944166048e-07
847	0.1952484	8.49461635170002e-07
848	0.1909578	1.883365220643195e-06
849	0.1907692	1.950818840338189e-06
850	0.2011832	2.866970246547282e-07
851	0.1913116	1.763127697118923e-06
852	0.1973154	5.806793320918482e-07
853	0.1993603	3.9943335042701403e-07
854	0.1914726	1.711014783473059e-06
855	0.1876884	3.4733532456229904e-06
856	0.2011108	2.904878514046929e-07
857	0.1932014	1.2406665582183071e-06
858	0.1923193	1.4615394718628187e-06
859	0.2067167	1.0599876933582488e-07
860	0.1954576	8.172985149777856e-07
861	0.1965327	6.704766278417364e-07
862	0.2011941	2.8613067968314103e-07
863	0.1941268	1.0451424678420358e-06
864	0.1948062	9.217386072053987e-07
865	0.2011616	2.878226935509073e-07
866	0.2104596	5.4644247121419234e-08
867	0.1962221	7.099086541890925e-07
868	0.1982439	4.898195838297167e-07
869	0.2018811	2.526374185578082e-07
870	0.1993382	4.0104696595415695e-07
871	0.1984031	4.757569211764901e-07
872	0.2029057	2.099320212518099e-07
873	0.1875491	3.565452005064646e-06
874	0.1922624	1.477085801064225e-06
875	0.2047715	1.500770699760702e-07
876	0.1935501	1.1629736331104388e-06
877	0.1914803	1.7085618731884038e-06
878	0.1987714	4.447748254793927e-07
879	0.2008962	3.020264442929048e-07
880	0.2011894	2.863747438071791e-07
881	0.1972781	5.846678430187714e-07
882	0.2015425	2.686154226491508e-07
883	0.1996413	3.7948242085495297e-07
884	0.2023216	2.3328758784261088e-07
885	0.1960364	7.346004255163607e-07
886	0.1906438	1.997017328292514e-06
887	0.1900353	2.2374196374210134e-06
888	0.1846801	6.121375645406939e-06
889	0.1901695	2.181998652380818e-06
890	0.1961361	7.212372541542632e-07
891	0.1999191	3.6075372788099666e-07
892	0.1983609	4.794441469479248e-07
893	0.2011166	2.901822967747078e-07
894	0.1937083	1.1293698478321988e-06
895	0.1939378	1.08236221769864e-06
896	0.1966397	6.574135294643207e-07
897	0.1952581	8.479423116899307e-07
898	0.2027646	2.153465060303804e-07
899	0.1870419	3.92214323142311e-06
900	0.1904407	2.074202678238225e-06
901	0.1965382	6.697987800079655e-07
902	0.2036724	1.8284108010049343e-07
903	0.1929955	1.2889923263445535e-06
904	0.2014754	2.7190185892659307e-07
905	0.2040227	1.7167515798039746e-07
906	0.1943736	9.984859296569676e-07
907	0.1896188	2.418661349873939e-06
908	0.1931855	1.2443320584952112e-06
909	0.2002522	3.395304073424513e-07
910	0.1925471	1.4009416906088041e-06
911	0.2044652	1.585560974138317e-07
912	0.1941826	1.0344038770430178e-06
913	0.1923058	1.4652129049212144e-06
914	0.1946809	9.43331350109969e-07
915	0.1962675	7.04001211512414e-07
916	0.2086055	7.579122355520689e-08
917	0.1945057	9.743864763548488e-07
918	0.1953589	8.323161159865453e-07
919	0.200434	3.284870709073448e-07
920	0.1889148	2.75944757325049e-06
921	0.1964416	6.818060927583712e-07
922	0.2064827	1.1051338309310269e-07
923	0.2007429	3.10553560576691e-07
924	0.1931085	1.2622391107134209e-06
925	0.1915858	1.675310213041825e-06
926	0.201867	2.5328307816090306e-07
927	0.2004155	3.29593951751619e-07
928	0.2000713	3.508939261668297e-07
929	0.196633	6.582238646012796e-07
930	0.199493	3.898821517344148e-07
931	0.1966682	6.539778816747719e-07
932	0.1873486	3.702363125727594e-06
933	0.1895089	2.4689148868312694e-06
934	0.1990948	4.1926310297569904e-07
935	0.190289	2.133818296960841e-06
936	0.1990373	4.2368785495736407e-07
937	0.1989649	4.2932676109129347e-07
938	0.1965348	6.702177310720572e-07
939	0.1987491	4.4659107098332674e-07
940	0.1844763	6.3616158712537345e-06
941	0.1944428	9.857870853398883e-07
942	0.1952135	8.54950947976814e-07
943	0.1902851	2.13537358726698e-06
944	0.1937939	1.111599375516151e-06
945	0.1963132	6.981051154179651e-07
946	0.1944731	9.80278428247469e-07
947	0.1896755	2.393140263226399e-06
948	0.1981705	4.964447688582313e-07
949	0.1872285	3.7869046049422283e-06
950	0.1989169	4.331072473303616e-07
951	0.1993615	3.993459223983767e-07
952	0.2047575	1.50454358924579e-07
953	0.1970685	6.076035816835621e-07
954	0.1882303	3.137360807286173e-06
955	0.1983834	4.774746103188625e-07
956	0.1958089	7.660418996927888e-07
957	0.1942201	1.0272500040274318e-06
958	0.1965121	6.730216704659555e-07
959	0.1812755	1.1662485932049252e-05
960	0.2008531	3.0439948124535963e-07
961	0.1925886	1.3901793377629062e-06
962	0.1975322	5.580376063581076e-07
963	0.1895328	2.4578971051015052e-06
964	0.2014255	2.74372364876448e-07
965	0.2006763	3.143340037435764e-07
966	0.1983834	4.774746103188625e-07
967	0.1954253	8.22182584072753e-07
968	0.2071175	9.869797105545481e-08
969	0.2027218	2.1701682009940215e-07
970	0.2029599	2.078891979724813e-07
971	0.195629	7.918694165702792e-07
972	0.1914614	1.7145890200426888e-06
973	0.1963752	6.901860672613788e-07
974	0.2055214	1.31213961624918e-07
975	0.2008436	3.049250856745782e-07
976	0.1946371	9.50999758855691e-07
977	0.1895031	2.471596182559971e-06
978	0.1894796	2.482490231483794e-06
979	0.2075106	9.203485029551258e-08
980	0.1954585	8.17162848697936e-07
981	0.1922118	1.4910515171384422e-06
982	0.1971199	6.01895864923223e-07
983	0.1979911	5.1302345185782e-07
984	0.1922928	1.4687591248215732e-06
985	0.1954175	8.233664510974075e-07
986	0.1940618	1.0577942119422106e-06
987	0.1973192	5.802745497271777e-07
988	0.2016175	2.6498984754604415e-07
989	0.2061783	1.1668099921206099e-07
990	0.2007986	3.074273591414487e-07
991	0.191889	1.5833491306327866e-06
992	0.1975736	5.538169655547963e-07
993	0.188686	2.8803532397780754e-06
994	0.205246	1.3784352065986977e-07
995	0.1906839	1.9821249239862067e-06
996	0.2036799	1.825944330716415e-07
997	0.190101	2.210111554356693e-06
998	0.1924624	1.423169971738871e-06
999	0.1987463	4.4681965163502264e-07
