Dataset	Random-mean	P-value
0	0.35883312	1.5158166100151556e-05
1	0.35559279	9.409882598971394e-06
2	0.35757534	1.25921968903525e-05
3	0.36301864	2.818973608019097e-05
4	0.35908712	1.5737560134781902e-05
5	0.3525497	6.032685435631429e-06
6	0.36941109	7.328015517815116e-05
7	0.36225135	2.515041909926974e-05
8	0.35389823	7.343386408540639e-06
9	0.36010672	1.8298420201233143e-05
10	0.36479102	3.67087905817074e-05
11	0.35822799	1.3863388818403251e-05
12	0.35990916	1.777119537270534e-05
13	0.36200789	2.425704179076621e-05
14	0.3536826	7.115809204911844e-06
15	0.35684242	1.13048715149253e-05
16	0.35023353	4.310546729791138e-06
17	0.36001429	1.8049809709285054e-05
18	0.35830077	1.401298516141882e-05
19	0.36365222	3.0977736304026036e-05
20	0.35969732	1.7222940208038617e-05
21	0.36792087	5.861054632663566e-05
22	0.35486391	8.456917749717073e-06
23	0.36506812	3.825841258890065e-05
24	0.35176117	5.3791719303738724e-06
25	0.34810713	3.1717567951228926e-06
26	0.35521842	8.907516702709727e-06
27	0.35706031	1.1672979929169853e-05
28	0.35619795	1.0283568567520169e-05
29	0.35858073	1.4603853182449115e-05
30	0.36147494	2.241178932234732e-05
31	0.36239017	2.56746451510635e-05
32	0.36380593	3.169513948149138e-05
33	0.36288665	2.764162679867104e-05
34	0.35710267	1.174594423164242e-05
35	0.3635148	3.035026313502646e-05
36	0.36146039	2.236345453076584e-05
37	0.36103771	2.100443292592912e-05
38	0.35695663	1.1496327432746967e-05
39	0.36360239	3.074870670127072e-05
40	0.35932722	1.6305880207604737e-05
41	0.35475495	8.323130407761541e-06
42	0.35630984	1.0453916226868702e-05
43	0.35854703	1.4531410888616143e-05
44	0.36559098	4.136460111596478e-05
45	0.35065252	4.580096101312379e-06
46	0.36783257	5.784053276242415e-05
47	0.36501384	3.794974726871882e-05
48	0.36017411	1.84818640609464e-05
49	0.3591154	1.580344261769278e-05
50	0.36027275	1.875373858016251e-05
51	0.36219624	2.4945321268149442e-05
52	0.36254546	2.6274176649330034e-05
53	0.35945296	1.661176244313678e-05
54	0.35412372	7.589291550318705e-06
55	0.35438286	7.882252441030443e-06
56	0.35673595	1.1129305274314617e-05
57	0.36310079	2.853641160762806e-05
58	0.35566005	9.503143198453638e-06
59	0.36646473	4.71341274673054e-05
60	0.35337002	6.798572808803132e-06
61	0.35532909	9.05312118145879e-06
62	0.36529407	3.95707583567421e-05
63	0.34947542	3.863170536022773e-06
64	0.36196036	2.4086411212521875e-05
65	0.36351643	3.0357630087905314e-05
66	0.3542117	7.687492296410749e-06
67	0.35914399	1.5870331456653037e-05
68	0.36854661	6.437135262834574e-05
69	0.36878541	6.671726782766436e-05
70	0.36039367	1.909255533518717e-05
71	0.36270311	2.6897307059945677e-05
72	0.36643262	4.690837494293669e-05
73	0.36239703	2.5700835282733552e-05
74	0.36083942	2.0395992344518516e-05
75	0.35565129	9.490943888359875e-06
76	0.35615271	1.0215495177778201e-05
77	0.35803854	1.3481530990182906e-05
78	0.35730843	1.210700068117505e-05
79	0.35911061	1.5792263965600572e-05
80	0.35460447	8.141889904598293e-06
81	0.36572352	4.2191650381054496e-05
82	0.36818531	6.097890045311602e-05
83	0.3621894	2.4919983764575186e-05
84	0.35867462	1.4807618325562303e-05
85	0.35763642	1.2705976028572603e-05
86	0.36109692	2.1189653756171817e-05
87	0.35591118	9.859725828053709e-06
88	0.36200157	2.4234282968907433e-05
89	0.35697876	1.1533803941548207e-05
90	0.35741692	1.2301886623117994e-05
91	0.34599564	2.3430283929235123e-06
92	0.35664579	1.0982798920647073e-05
93	0.35936379	1.639424916972148e-05
94	0.36837953	6.277954171134342e-05
95	0.35741297	1.2294735517002213e-05
96	0.36147899	2.24252621364171e-05
97	0.35833119	1.4075996339376457e-05
98	0.36255498	2.6311388024016705e-05
99	0.35412243	7.587861212645437e-06
100	0.35532184	9.043509042657015e-06
101	0.36129059	2.1807120929219227e-05
102	0.36486181	3.709853772921875e-05
103	0.36518661	3.894104446309318e-05
104	0.35324614	6.6768606397542545e-06
105	0.36517371	3.886613383120861e-05
106	0.36303637	2.8264195157224856e-05
107	0.36483018	3.692387932216835e-05
108	0.35391784	7.364446511945457e-06
109	0.36683863	4.984493867986779e-05
110	0.36174166	2.3316800722818134e-05
111	0.36076051	2.015885328630451e-05
112	0.35641427	1.0615490527836588e-05
113	0.34604229	2.358711223234782e-06
114	0.35300864	6.4496756995012295e-06
115	0.36204145	2.4378256770805392e-05
116	0.35713182	1.1796423213718817e-05
117	0.35283041	6.284361998660427e-06
118	0.3592097	1.6025155505128373e-05
119	0.35652865	1.0795370429815896e-05
120	0.36200985	2.426410429808131e-05
121	0.35529099	9.00272349720325e-06
122	0.36698952	5.09829362091389e-05
123	0.36248576	2.6042034062249785e-05
124	0.35272587	6.1894096084414826e-06
125	0.34962882	3.949711614906943e-06
126	0.36422139	3.371934891772458e-05
127	0.35754841	1.2542360818243894e-05
128	0.35826147	1.3932003417958174e-05
129	0.3570594	1.1671417527652654e-05
130	0.35823933	1.388659078659242e-05
131	0.35832907	1.4071595729048987e-05
132	0.35619765	1.0283115638949623e-05
133	0.35831366	1.403965016953277e-05
134	0.36251229	2.6144938414885308e-05
135	0.36078393	2.0228941923176904e-05
136	0.35374796	7.184022990694883e-06
137	0.36367995	3.110593526400168e-05
138	0.35599072	9.975475751740514e-06
139	0.37447088	0.0001567384627207105
140	0.35831104	1.4034226121335359e-05
141	0.36054507	1.9525532156539822e-05
142	0.36617222	4.511742333647441e-05
143	0.35581773	9.725474337492628e-06
144	0.36502495	3.801271943143823e-05
145	0.35569742	9.555364357277564e-06
146	0.36487212	3.715564882298684e-05
147	0.35089216	4.741917510855379e-06
148	0.36143994	2.229569834080898e-05
149	0.35471685	8.276858145756598e-06
150	0.35746406	1.238755558382103e-05
151	0.35640829	1.0606170198967277e-05
152	0.36233295	2.5457239330819903e-05
153	0.35548033	9.25602038771862e-06
154	0.36148216	2.2435813242444304e-05
155	0.36189497	2.385364651435699e-05
156	0.37071741	8.915259875617434e-05
157	0.35611474	1.0158714296397565e-05
158	0.36324201	2.9142468438161677e-05
159	0.36547254	4.063938464063818e-05
160	0.36166139	2.3040611831366115e-05
161	0.36157409	2.2743990529638735e-05
162	0.35715089	1.1829565739740309e-05
163	0.36138735	2.2122406469893438e-05
164	0.3506245	4.561545841770692e-06
165	0.36150782	2.2521405752127813e-05
166	0.35296842	6.411988102346859e-06
167	0.35781898	1.305230251132502e-05
168	0.36110067	2.1201440034849554e-05
169	0.36029446	1.8814118171426396e-05
170	0.3680983	6.018917532792163e-05
171	0.35723866	1.1983327202418126e-05
172	0.35455691	8.085445897389334e-06
173	0.35750693	1.2465989971421008e-05
174	0.35612056	1.016739677047097e-05
175	0.36415841	3.340429670153991e-05
176	0.35375741	7.193940460348847e-06
177	0.35094161	4.776027554334789e-06
178	0.35159488	5.250818749070708e-06
179	0.35389225	7.3369763929791524e-06
180	0.35753419	1.2516126363164158e-05
181	0.35618948	1.0270788667099174e-05
182	0.35403344	7.489848567238885e-06
183	0.35600646	9.998544290302965e-06
184	0.35776919	1.2956909255137405e-05
185	0.36360563	3.0763546302690616e-05
186	0.35639758	1.0589498526342501e-05
187	0.35616686	1.0236737610597049e-05
188	0.35339181	6.820213670644461e-06
189	0.36665594	4.850132010937437e-05
190	0.35656443	1.0852272848188342e-05
191	0.35598487	9.966915774957418e-06
192	0.3660419	4.424717816168508e-05
193	0.36200163	2.4234498932072776e-05
194	0.35857437	1.4590153605839409e-05
195	0.36919584	7.095210269061807e-05
196	0.3529814	6.424126294160215e-06
197	0.36747052	5.478839616906338e-05
198	0.35583395	9.748642365374631e-06
199	0.3570404	1.1638844382930695e-05
200	0.36246761	2.5971870045329265e-05
201	0.34651074	2.522259169285863e-06
202	0.35642231	1.0628034643592567e-05
203	0.3653221	3.9736697294693097e-05
204	0.36471561	3.62981534615909e-05
205	0.36054464	1.9524288458084308e-05
206	0.35491095	8.515349462131046e-06
207	0.36203543	2.4356468188626416e-05
208	0.36161113	2.2869367380738306e-05
209	0.36647421	4.720098679480395e-05
210	0.36386578	3.19789946902293e-05
211	0.35287628	6.3264915391113054e-06
212	0.36202366	2.4313925148249522e-05
213	0.36552624	4.096658994914239e-05
214	0.36570769	4.209200024362112e-05
215	0.35649464	1.0741563664896026e-05
216	0.35902948	1.560413971940534e-05
217	0.35255482	6.0371828396159044e-06
218	0.36326787	2.9254850155934835e-05
219	0.35419725	7.671275425695682e-06
220	0.35752978	1.2508001675455188e-05
221	0.35418801	7.660923835204353e-06
222	0.34941015	3.826936374603053e-06
223	0.365057	3.819497252692733e-05
224	0.35576937	9.656730065835789e-06
225	0.36246248	2.595207323962769e-05
226	0.3635447	3.0485687119295297e-05
227	0.36206091	2.444882461327961e-05
228	0.37036171	8.451622915656043e-05
229	0.35849127	1.4412347090634785e-05
230	0.35773352	1.2889003724818295e-05
231	0.35737641	1.2228746884989421e-05
232	0.36051923	1.9450936806495264e-05
233	0.36521557	3.9109747212920764e-05
234	0.35505485	8.696657081003526e-06
235	0.35223151	5.7597709417615985e-06
236	0.36585711	4.304213929094731e-05
237	0.36287048	2.7575223364626887e-05
238	0.35936744	1.6403095744844248e-05
239	0.36323899	2.912937268821464e-05
240	0.36258592	2.6432693469430145e-05
241	0.35584588	9.765718483826263e-06
242	0.36940433	7.320588589287212e-05
243	0.35969385	1.7214103719214415e-05
244	0.35410414	7.5676109196527e-06
245	0.3623439	2.5498699008015206e-05
246	0.36016501	1.8456984367656646e-05
247	0.35879496	1.5073007743658926e-05
248	0.35231837	5.833000837255305e-06
249	0.36139802	2.215745513738031e-05
250	0.35476132	8.33089234810543e-06
251	0.36435559	3.440072213244805e-05
252	0.35863088	1.4712335225343761e-05
253	0.35365352	7.0856715001681514e-06
254	0.36678307	4.943239105405335e-05
255	0.36621222	4.5387981066079976e-05
256	0.3627758	2.7189636269134094e-05
257	0.3549697	8.58890342291602e-06
258	0.36535217	3.99154941053475e-05
259	0.3583206	1.4054027961397273e-05
260	0.35881724	1.5122668992206518e-05
261	0.35711865	1.177358955403638e-05
262	0.34857359	3.3920359758254552e-06
263	0.35263958	6.112133503189007e-06
264	0.36151823	2.2556223913955593e-05
265	0.35783061	1.3074687010489818e-05
266	0.35289897	6.347437360464004e-06
267	0.35602857	1.0031040212464754e-05
268	0.36714316	5.216859269760401e-05
269	0.35491311	8.518042379241213e-06
270	0.36427023	3.39657319620755e-05
271	0.36753232	5.52976519769843e-05
272	0.35623889	1.0345568581922674e-05
273	0.35731649	1.2121370936989674e-05
274	0.3653938	4.0164367933260435e-05
275	0.35761044	1.2657453864133048e-05
276	0.35922594	1.606365508191629e-05
277	0.36150843	2.252344450846662e-05
278	0.34779081	3.030726283480226e-06
279	0.3598651	1.7655727318726163e-05
280	0.3645895	3.562177165869364e-05
281	0.36225437	2.5161707526922892e-05
282	0.3583941	1.4207219432397869e-05
283	0.36959209	7.529716199927918e-05
284	0.35608776	1.0118562841949643e-05
285	0.36472313	3.6338893764963626e-05
286	0.36466367	3.60180201858875e-05
287	0.36162161	2.290496794857253e-05
288	0.35512929	8.791982370182049e-06
289	0.36108261	2.1144738229375206e-05
290	0.35911615	1.5805193654582206e-05
291	0.35618272	1.0260600458861645e-05
292	0.36769458	5.665755466120596e-05
293	0.36341539	2.990436775875048e-05
294	0.3572573	1.2016242225435563e-05
295	0.35774005	1.2901407937890205e-05
296	0.36604856	4.4291238690440995e-05
297	0.36359417	3.0711090531035174e-05
298	0.35841213	1.4245056160813083e-05
299	0.35983547	1.7578503664981012e-05
300	0.36517735	3.8887256661232295e-05
301	0.3595389	1.682416408620489e-05
302	0.35600455	9.995742109846944e-06
303	0.36640427	4.670996395721087e-05
304	0.35914633	1.587581878118106e-05
305	0.36078568	2.0234189014668202e-05
306	0.36213477	2.4718549125403612e-05
307	0.359619	1.7024609443439106e-05
308	0.36123274	2.162079706432137e-05
309	0.36545533	4.053507957859464e-05
310	0.35592821	9.884393320523306e-06
311	0.35667697	1.103324242814722e-05
312	0.36653333	4.76201041437343e-05
313	0.35356096	6.990605927374077e-06
314	0.35595286	9.920209216876777e-06
315	0.36116128	2.139286079735241e-05
316	0.3652853	3.951898332187066e-05
317	0.3600417	1.8123175870708814e-05
318	0.36280046	2.7289536716769633e-05
319	0.36909089	6.98441405028848e-05
320	0.36650599	4.742581919327608e-05
321	0.35831605	1.404459991476727e-05
322	0.35971743	1.7274241668118423e-05
323	0.35741867	1.2305056183452359e-05
324	0.35514166	8.807925505573013e-06
325	0.35549095	9.270440246641493e-06
326	0.36629639	4.5962659166122115e-05
327	0.35236496	5.872669482838108e-06
328	0.36228908	2.5291818218121192e-05
329	0.36124618	2.1663940558429974e-05
330	0.35750808	1.2468100921084835e-05
331	0.3555175	9.306589794329237e-06
332	0.36259377	2.6463560556433662e-05
333	0.35670417	1.1077439044036337e-05
334	0.35409184	7.554023523716638e-06
335	0.3676454	5.6241855362466064e-05
336	0.36880506	6.69140953102412e-05
337	0.35896391	1.545375676238542e-05
338	0.35941954	1.652990014440885e-05
339	0.35661024	1.0925571063267506e-05
340	0.35466904	8.219162710763781e-06
341	0.35928325	1.6200268454472466e-05
342	0.35945042	1.6605526313047738e-05
343	0.36702619	5.126343142312288e-05
344	0.35545937	9.22762766515899e-06
345	0.35095902	4.788096135677268e-06
346	0.36193516	2.399643742065448e-05
347	0.36426395	3.3933949658554955e-05
348	0.3556984	9.556737732114882e-06
349	0.35327317	6.703227280333805e-06
350	0.36072083	2.004066431912655e-05
351	0.35927535	1.6181366995990783e-05
352	0.367075	5.163920245976849e-05
353	0.3601511	1.841901951970194e-05
354	0.35852782	1.4490279769582404e-05
355	0.3543614	7.857561071015485e-06
356	0.35624286	1.035160094441859e-05
357	0.35550484	9.289334559911259e-06
358	0.3609275	2.0664026578471077e-05
359	0.35506145	8.705066229305686e-06
360	0.36157998	2.276388100877002e-05
361	0.36127751	2.1764851040277418e-05
362	0.3518205	5.4257355428027805e-06
363	0.36376415	3.149849637361358e-05
364	0.35382723	7.267646894792096e-06
365	0.35988725	1.771368051877553e-05
366	0.35844674	1.4317973283068818e-05
367	0.35733824	1.2160235651895408e-05
368	0.36286727	2.7562060434651012e-05
369	0.36117248	2.1428424098301452e-05
370	0.35479056	8.366616197802606e-06
371	0.35808827	1.3580722844866334e-05
372	0.35180594	5.4142706631148e-06
373	0.35837605	1.4169442799980969e-05
374	0.35709815	1.1738136610563826e-05
375	0.36321201	2.9012641836262984e-05
376	0.36113005	2.1294011564851022e-05
377	0.35296883	6.412371155144307e-06
378	0.35907569	1.5711011297123673e-05
379	0.35858681	1.4616961825786104e-05
380	0.36736794	5.3953507540508946e-05
381	0.35113468	4.911613994837338e-06
382	0.35753496	1.2517545508337186e-05
383	0.3649572	3.763034153763069e-05
384	0.36319005	2.891797949567219e-05
385	0.3607558	2.0144787471449325e-05
386	0.35653963	1.0812800097828993e-05
387	0.36169094	2.3141898862176918e-05
388	0.36273153	2.7011220321348574e-05
389	0.35214928	5.691306365686981e-06
390	0.35754421	1.2534606445334023e-05
391	0.3567409	1.1137406028393541e-05
392	0.35707958	1.17061149467604e-05
393	0.36840307	6.300139154739797e-05
394	0.35481308	8.39423598288684e-06
395	0.36141452	2.2211764786720794e-05
396	0.35659232	1.0896838545787695e-05
397	0.34946076	3.8550018278793704e-06
398	0.35049386	4.476061929949645e-06
399	0.36508021	3.832750724255225e-05
400	0.36231561	2.539172480254095e-05
401	0.35365785	7.090150756423717e-06
402	0.35888195	1.5267847527927496e-05
403	0.36521046	3.9079926055019075e-05
404	0.36240585	2.573454801658698e-05
405	0.36535447	3.992920333319734e-05
406	0.36089612	2.0568128306369632e-05
407	0.3653038	3.962828101917766e-05
408	0.34833005	3.2751481357792326e-06
409	0.3555175	9.306589794329237e-06
410	0.35495989	8.576576734372637e-06
411	0.35480358	8.38257337346199e-06
412	0.35456825	8.098867958704193e-06
413	0.35340156	6.829919607153058e-06
414	0.35019186	4.284637912643974e-06
415	0.3643931	3.459364658725856e-05
416	0.35010292	4.229867569080899e-06
417	0.35925101	1.612327174761378e-05
418	0.36151863	2.25575628738564e-05
419	0.36715242	5.2240934796503627e-05
420	0.35942832	1.6551367084546734e-05
421	0.35723943	1.1984685076399786e-05
422	0.35982233	1.754436693757423e-05
423	0.3644016	3.463751612697134e-05
424	0.35368336	7.11659859281931e-06
425	0.36835879	6.258473202816734e-05
426	0.36285759	2.752240506570763e-05
427	0.36073746	2.009011200986888e-05
428	0.36206257	2.445485383238843e-05
429	0.36016182	1.8448270837186385e-05
430	0.35851559	1.4464155256277436e-05
431	0.36009264	1.8260326224480787e-05
432	0.36578092	4.255498509803633e-05
433	0.36377479	3.1548457647309694e-05
434	0.35868464	1.482953379627175e-05
435	0.3566281	1.0954283892418375e-05
436	0.35803413	1.3472770313363397e-05
437	0.35492868	8.537479436768665e-06
438	0.35867132	1.480040784522549e-05
439	0.37386839	0.00014315843863743987
440	0.3625385	2.624700537628894e-05
441	0.36122257	2.158820834510117e-05
442	0.3580892	1.3582584863690034e-05
443	0.35904256	1.5634315338239983e-05
444	0.35828609	1.3982679792516098e-05
445	0.36918337	7.08195358488814e-05
446	0.36078909	2.0244417306138966e-05
447	0.35581457	9.720967225602342e-06
448	0.36090963	2.0609359939009203e-05
449	0.36384403	3.187554338246438e-05
450	0.35739219	1.2257184660417855e-05
451	0.35446294	7.975088778742711e-06
452	0.3518786	5.4717313330730495e-06
453	0.35774514	1.2911085162926365e-05
454	0.36326643	2.9248580739507842e-05
455	0.36203558	2.435701085410346e-05
456	0.3646425	3.590446903512832e-05
457	0.34811346	3.174646290565075e-06
458	0.34918806	3.7062174508123653e-06
459	0.36156894	2.272661343615278e-05
460	0.36397821	3.251918869606556e-05
461	0.36168624	2.3125758830903813e-05
462	0.36293169	2.7827440851142236e-05
463	0.36150056	2.2497155542702506e-05
464	0.35968929	1.720249848713486e-05
465	0.3535436	6.972920916555978e-06
466	0.36114982	2.1356533756782354e-05
467	0.36557165	4.1245356459322016e-05
468	0.36895829	6.846913441576544e-05
469	0.36358212	3.065603163997297e-05
470	0.35874604	1.496454617010974e-05
471	0.36314155	2.87100166349994e-05
472	0.36620201	4.531876604779217e-05
473	0.3602901	1.8801976412528303e-05
474	0.35995689	1.7897144850467695e-05
475	0.35425257	7.733548556843821e-06
476	0.36552822	4.097870519343912e-05
477	0.36521531	3.9108229339261976e-05
478	0.36419939	3.360895606891223e-05
479	0.3572169	1.1945018505384037e-05
480	0.35864829	1.4750186433554307e-05
481	0.35824195	1.3891956979815533e-05
482	0.35767069	1.2770269951511928e-05
483	0.35930707	1.625739549233946e-05
484	0.36181648	2.3577253532569194e-05
485	0.35616473	1.0233537121461546e-05
486	0.3582958	1.400271765107609e-05
487	0.35994271	1.7859632671131497e-05
488	0.35822416	1.3855561411281443e-05
489	0.35945944	1.6627682692351583e-05
490	0.35845766	1.4341058234052536e-05
491	0.3674356	5.450273415190964e-05
492	0.36229196	2.5302644446585153e-05
493	0.35923133	1.6076453666211477e-05
494	0.36340805	2.9871708447009453e-05
495	0.35975352	1.736669734157563e-05
496	0.35050074	4.4805228843895455e-06
497	0.35154745	5.214783671169313e-06
498	0.35774156	1.290427801679626e-05
499	0.36368662	3.113685133974656e-05
500	0.3490607	3.6387473424401022e-06
501	0.35615213	1.0214625418632787e-05
502	0.35633498	1.049258328752269e-05
503	0.36102625	2.096877347253793e-05
504	0.35600605	9.997942707903638e-06
505	0.36397686	3.251264795350723e-05
506	0.36313802	2.8694939520442124e-05
507	0.35815924	1.3723563486977111e-05
508	0.36163414	2.2947605983230177e-05
509	0.36231579	2.5392404007478503e-05
510	0.36131832	2.189700939292233e-05
511	0.35600697	9.99929265140913e-06
512	0.36102689	2.0970763308802135e-05
513	0.35504854	8.688625141809275e-06
514	0.35878443	1.5049594346775434e-05
515	0.34869691	3.452836571517545e-06
516	0.35415952	7.629095712178549e-06
517	0.36009241	1.8259704617962717e-05
518	0.36391047	3.2192623261077215e-05
519	0.35788606	1.3181949350592999e-05
520	0.36079183	2.0252639726190877e-05
521	0.37072707	8.928201573037001e-05
522	0.35721869	1.1948165122445429e-05
523	0.35746013	1.2380390406216105e-05
524	0.36035231	1.8975972975778055e-05
525	0.35292579	6.372286684047587e-06
526	0.36252614	2.6198822962716104e-05
527	0.36446737	3.4978868059304135e-05
528	0.36472981	3.6375122011964425e-05
529	0.36189035	2.383728731724769e-05
530	0.35392082	7.3676522438370205e-06
531	0.36863639	6.52434291163667e-05
532	0.35538278	9.124627772535483e-06
533	0.3600369	1.811030631083246e-05
534	0.36371983	3.129124559727656e-05
535	0.36447285	3.500746260752847e-05
536	0.35946308	1.6636632328956135e-05
537	0.36150866	2.2524213268359322e-05
538	0.36138508	2.2114957246627774e-05
539	0.35179643	5.406795581657552e-06
540	0.36826896	6.174796686036673e-05
541	0.36527519	3.945938222972263e-05
542	0.35910242	1.5773169133345516e-05
543	0.36791674	5.8574301838485337e-05
544	0.3549306	8.539879418160205e-06
545	0.36465489	3.597088228173701e-05
546	0.35728754	1.2069836090363822e-05
547	0.36019739	1.8545667048338406e-05
548	0.35861034	1.466780565655252e-05
549	0.36397085	3.248354566197658e-05
550	0.3584295	1.4281604481080634e-05
551	0.35481716	8.39924982590616e-06
552	0.35602132	1.0020372807754168e-05
553	0.35394869	7.39770211920971e-06
554	0.36454862	3.5405257623235743e-05
555	0.36258388	2.6424677920794923e-05
556	0.36722791	5.2834471568453614e-05
557	0.36213797	2.4730302793480622e-05
558	0.36040396	1.9121672499399015e-05
559	0.35775841	1.2936349026467244e-05
560	0.36308529	2.8470672835221942e-05
561	0.35719278	1.190270018683627e-05
562	0.3529155	6.362741094859447e-06
563	0.35983885	1.758729552505362e-05
564	0.36798673	5.9191589451070395e-05
565	0.35275631	6.2169063211251424e-06
566	0.36204038	2.4374382609003437e-05
567	0.36634906	4.632599556422328e-05
568	0.3493326	3.784334754248413e-06
569	0.35872315	1.4914068301929427e-05
570	0.35624945	1.0361622246748859e-05
571	0.3659734	4.379656110763888e-05
572	0.3579279	1.3263474998787241e-05
573	0.36838959	6.287425453416907e-05
574	0.36408896	3.306032483269408e-05
575	0.3546968	8.252612572358078e-06
576	0.35060837	4.550901904925779e-06
577	0.36996001	7.957094322899862e-05
578	0.3625798	2.640865419682127e-05
579	0.35935711	1.6378071244632892e-05
580	0.35021208	4.297190073106512e-06
581	0.35806948	1.3543157458130958e-05
582	0.35612949	1.0180733499555972e-05
583	0.36333753	2.9559760982645214e-05
584	0.35957988	1.6926413505953572e-05
585	0.35332832	6.757352669502823e-06
586	0.36095955	2.0762439684928927e-05
587	0.3589656	1.5457614226758368e-05
588	0.36600819	4.402484042937922e-05
589	0.36126291	2.1717766987745334e-05
590	0.36502989	3.80407535252899e-05
591	0.36095688	2.0754223064853543e-05
592	0.36092746	2.0663904049517927e-05
593	0.36084125	2.0401525213482633e-05
594	0.35209031	5.642718302820927e-06
595	0.36552651	4.0968241815043424e-05
596	0.36148254	2.243707838096332e-05
597	0.35888663	1.5278401850515288e-05
598	0.36605237	4.431646438747151e-05
599	0.36418306	3.3527250589805165e-05
600	0.37110142	9.44453747550444e-05
601	0.35858753	1.4618514954909345e-05
602	0.35502813	8.662697016936308e-06
603	0.35919406	1.5988166720447076e-05
604	0.35776459	1.2948131822606483e-05
605	0.36005875	1.816896456043108e-05
606	0.36705367	5.1474649934260465e-05
607	0.36576404	4.24478103637752e-05
608	0.3595068	1.674450848390702e-05
609	0.35505249	8.693652176772813e-06
610	0.35882499	1.5139982293429465e-05
611	0.35718797	1.1894279295506819e-05
612	0.36706259	5.1543399816051676e-05
613	0.35996182	1.7910205504091503e-05
614	0.36444789	3.4877412567723554e-05
615	0.35833668	1.4087398746542286e-05
616	0.35904297	1.5635262165525534e-05
617	0.36327847	2.9301041847124798e-05
618	0.36648967	4.731022632237126e-05
619	0.35604784	1.0059449524883667e-05
620	0.35727571	1.2048841150712096e-05
621	0.35788823	1.3186165093755343e-05
622	0.35280198	6.258393653357155e-06
623	0.36250409	2.6113088486822164e-05
624	0.36323052	2.909267560734739e-05
625	0.35500345	8.631449399929644e-06
626	0.35817143	1.3748251071411779e-05
627	0.36550183	4.081752642073794e-05
628	0.35928488	1.62041711593676e-05
629	0.35232209	5.8361581609175476e-06
630	0.36017155	1.8474861506572433e-05
631	0.35901321	1.556668712317291e-05
632	0.35314279	6.5770157088874285e-06
633	0.35826708	1.3943534307612972e-05
634	0.36397327	3.2495260889226766e-05
635	0.35644649	1.0665851354347241e-05
636	0.3623858	2.565797542597474e-05
637	0.35816456	1.3734332190632343e-05
638	0.35972555	1.729499998310389e-05
639	0.35214718	5.689568792323695e-06
640	0.35725749	1.201657820450274e-05
641	0.3546571	8.204817814242008e-06
642	0.35045516	4.451053189395246e-06
643	0.3590215	1.55857588236339e-05
644	0.36098551	2.0842500487351464e-05
645	0.36640967	4.6747691166123566e-05
646	0.35714767	1.1823962948495577e-05
647	0.36281683	2.735605831707591e-05
648	0.36452797	3.5296394076795185e-05
649	0.35834736	1.4109607317726348e-05
650	0.35755488	1.2554315768828134e-05
651	0.36299478	2.8089846290304255e-05
652	0.35756693	1.2576611993575738e-05
653	0.35272726	6.190662508062928e-06
654	0.35782177	1.305766893497574e-05
655	0.35124208	4.9887268520335186e-06
656	0.34833234	3.2762278889901595e-06
657	0.35844747	1.4319515331980606e-05
658	0.35580645	9.709395384657767e-06
659	0.35283362	6.287300933018491e-06
660	0.36313989	2.8702925549924473e-05
661	0.35110847	4.892980168309382e-06
662	0.36330321	2.940913854096506e-05
663	0.36282111	2.7373477668754245e-05
664	0.36323344	2.910532150407171e-05
665	0.35922292	1.605648858964007e-05
666	0.35685879	1.1332113445777194e-05
667	0.35353891	6.968150920039698e-06
668	0.36001488	1.8051385742774393e-05
669	0.35124211	4.9887485632163494e-06
670	0.36496074	3.765022464851633e-05
671	0.3658919	4.3266451820726526e-05
672	0.36266495	2.67451174653366e-05
673	0.35556872	9.376734180368731e-06
674	0.36248683	2.604617643205861e-05
675	0.35463299	8.175929192200246e-06
676	0.35641382	1.061478887610415e-05
677	0.36137452	2.2080336950998386e-05
678	0.36380949	3.171195233568644e-05
679	0.35444739	7.956975212259472e-06
680	0.36569738	4.202722634107358e-05
681	0.35466171	8.210353320701685e-06
682	0.35894183	1.5403448206422895e-05
683	0.36446882	3.498643183925838e-05
684	0.35886891	1.5238478724989116e-05
685	0.36783797	5.78873291584304e-05
686	0.36035353	1.8979401476663013e-05
687	0.35780656	1.3028440401621729e-05
688	0.35554895	9.349596301377113e-06
689	0.35497948	8.601210331491183e-06
690	0.35420274	7.677432614928586e-06
691	0.36619802	4.529174621995045e-05
692	0.36329364	2.93672765355848e-05
693	0.35614323	1.0201288538699606e-05
694	0.35846426	1.4355028970334905e-05
695	0.3569152	1.1426498823384956e-05
696	0.36276882	2.716142670312062e-05
697	0.36593718	4.3560167238181314e-05
698	0.36155864	2.2691899543829924e-05
699	0.36230822	2.536385552437118e-05
700	0.36329432	2.9370249067580845e-05
701	0.36703369	5.132099156622011e-05
702	0.35563687	9.470897001993927e-06
703	0.35607727	1.0102995229002436e-05
704	0.35739795	1.2267581696142607e-05
705	0.35683889	1.1299005825954975e-05
706	0.36322043	2.904902070864874e-05
707	0.35488855	8.487473855762893e-06
708	0.35830392	1.4019496690665582e-05
709	0.36923765	7.139840379842322e-05
710	0.35469562	8.251187901346515e-06
711	0.3585026	1.443645959987607e-05
712	0.35798866	1.3382777934580447e-05
713	0.35675923	1.1167455511735829e-05
714	0.35856721	1.4574746401774095e-05
715	0.36670972	4.889301520613852e-05
716	0.35642688	1.0635171524959386e-05
717	0.3605005	1.939704718037699e-05
718	0.3534158	6.844120492382635e-06
719	0.35650818	1.0762952426462194e-05
720	0.36236728	2.5587450769474225e-05
721	0.36085753	2.0450813521580313e-05
722	0.35557331	9.383046214779496e-06
723	0.36041956	1.9165900928827008e-05
724	0.36226597	2.5205114718844904e-05
725	0.35930458	1.6251414231833466e-05
726	0.36011506	1.832102233976652e-05
727	0.36769539	5.6664427123769816e-05
728	0.36103354	2.0991450266410738e-05
729	0.36686412	5.003536847322961e-05
730	0.36382042	3.176362790195774e-05
731	0.36599821	4.3959232797413817e-05
732	0.36659002	4.802551890434259e-05
733	0.35959841	1.6972854312543677e-05
734	0.36206939	2.4479640267532915e-05
735	0.36204153	2.437854645278974e-05
736	0.36069803	1.9973070949781162e-05
737	0.35735505	1.2190359761391205e-05
738	0.35810246	1.3609161828145678e-05
739	0.3581426	1.368993616799857e-05
740	0.36320642	2.8988515505704382e-05
741	0.35815291	1.3710761503355259e-05
742	0.35755352	1.255180186794418e-05
743	0.35807979	1.3563756373908285e-05
744	0.35510602	8.762070113660978e-06
745	0.36043017	1.9196041109180805e-05
746	0.36258875	2.6443817150133868e-05
747	0.35753719	1.2521656421215084e-05
748	0.35926479	1.6156136146943375e-05
749	0.36349818	3.027525038396323e-05
750	0.36845648	6.350767930802745e-05
751	0.36218669	2.4909952276930316e-05
752	0.35904444	1.563865736550494e-05
753	0.35455753	8.086179146983503e-06
754	0.35743997	1.2343700736476513e-05
755	0.35432979	7.821334429752012e-06
756	0.34936996	3.804797598809123e-06
757	0.36233665	2.547124090437705e-05
758	0.36342044	2.992685867501048e-05
759	0.35185761	5.455068662816769e-06
760	0.35787387	1.315829276071141e-05
761	0.35785053	1.3113117944589218e-05
762	0.36150466	2.25108473150204e-05
763	0.34549688	2.181857052110683e-06
764	0.36556097	4.1179621543689306e-05
765	0.36819535	6.107069503743094e-05
766	0.35390037	7.345681676517399e-06
767	0.37177427	0.00010449181091631745
768	0.35940565	1.6495996953489087e-05
769	0.36329684	2.93812675735068e-05
770	0.36032398	1.889653483829633e-05
771	0.3499043	4.110114415445234e-06
772	0.35955892	1.6874037671903975e-05
773	0.35582168	9.731111211540005e-06
774	0.34926961	3.750087350437098e-06
775	0.35204236	5.603521344228966e-06
776	0.35401441	7.469056687324594e-06
777	0.36030782	1.8851372663722248e-05
778	0.36076023	2.0158016824052567e-05
779	0.35335991	6.788555729662271e-06
780	0.35818171	1.3769105463626794e-05
781	0.36384397	3.187525846772289e-05
782	0.35557331	9.383046214779496e-06
783	0.35975822	1.7378774681877304e-05
784	0.35585442	9.777960943973997e-06
785	0.35674048	1.1136718459404994e-05
786	0.36790835	5.8500741496839514e-05
787	0.35077441	4.6616897452530114e-06
788	0.36054036	1.9511913691994833e-05
789	0.36309449	2.8509673488192933e-05
790	0.36583866	4.292365726208658e-05
791	0.35500445	8.632713282270448e-06
792	0.36044202	1.9229760545372304e-05
793	0.35629153	1.04258452499533e-05
794	0.35657089	1.0862578853716144e-05
795	0.36995003	7.945185654266313e-05
796	0.36326689	2.925058332212191e-05
797	0.35949905	1.6725334325907246e-05
798	0.36436357	3.444167430673534e-05
799	0.36425767	3.390219739363855e-05
800	0.36248213	2.6027985939458548e-05
801	0.35883908	1.5171510480645816e-05
802	0.36037156	1.903014342909801e-05
803	0.36085475	2.044238844035254e-05
804	0.36045187	1.925783458472809e-05
805	0.3597249	1.7293337365168796e-05
806	0.35861095	1.4669126131640019e-05
807	0.35721224	1.1936830696880978e-05
808	0.3579596	1.3325583111482245e-05
809	0.3641606	3.341520193370525e-05
810	0.35731816	1.2124350560552183e-05
811	0.36432529	3.424567441823989e-05
812	0.35612858	1.017937362522133e-05
813	0.36061674	1.9733949904252247e-05
814	0.35895017	1.542243108433644e-05
815	0.36097928	2.082325867246515e-05
816	0.35804572	1.3495806767112446e-05
817	0.3590254	1.5594739224791612e-05
818	0.35623146	1.0334288383120328e-05
819	0.35991207	1.7778848487678194e-05
820	0.35503756	8.674666764697024e-06
821	0.36183471	2.364115799254809e-05
822	0.3590914	1.5747513128784895e-05
823	0.35922013	1.6049870769255927e-05
824	0.36814334	6.059667553485167e-05
825	0.36098745	2.084849599500518e-05
826	0.35466614	8.21567626556063e-06
827	0.35324104	6.671897639929342e-06
828	0.35455976	8.088817038829142e-06
829	0.36288554	2.7637063328692137e-05
830	0.35338199	6.8104522255551844e-06
831	0.35941675	1.6523084553958145e-05
832	0.36213698	2.4726665898576727e-05
833	0.35866301	1.4782266308153835e-05
834	0.35845388	1.433306302192827e-05
835	0.35827503	1.3959891449484891e-05
836	0.35790224	1.321341579795175e-05
837	0.35532317	9.045271596232057e-06
838	0.36117938	2.1450363415640818e-05
839	0.36068773	1.994261108720738e-05
840	0.36053215	1.9488198339937092e-05
841	0.36834006	6.240932527021273e-05
842	0.35575459	9.635818736243355e-06
843	0.35259486	6.072471773760783e-06
844	0.35716024	1.1845849987120074e-05
845	0.3626267	2.6593442717279236e-05
846	0.36499957	3.7869018510382164e-05
847	0.36228194	2.5264998395269853e-05
848	0.3545381	8.06323214032728e-06
849	0.35702188	1.1607182918316112e-05
850	0.35147549	5.160591784654215e-06
851	0.35326694	6.697140800760862e-06
852	0.35684759	1.1313467917796786e-05
853	0.36021801	1.8602366122880588e-05
854	0.36007909	1.8223742031935356e-05
855	0.36291637	2.7764096370112876e-05
856	0.357972	1.3349957951074397e-05
857	0.35281896	6.273890259402206e-06
858	0.35978302	1.7442642974578118e-05
859	0.35990937	1.7771747547609592e-05
860	0.36082635	2.035652031603316e-05
861	0.36064707	1.9822827161266698e-05
862	0.35910844	1.5787202370830993e-05
863	0.3609871	2.0847414202189344e-05
864	0.35487201	8.46695022274575e-06
865	0.36337724	2.9735012200682903e-05
866	0.35812724	1.3658969733724545e-05
867	0.35353929	6.968537278097752e-06
868	0.36462571	3.581466831685925e-05
869	0.36130589	2.1856670518109452e-05
870	0.36534959	3.9900121581190686e-05
871	0.36247122	2.5985810285399165e-05
872	0.3656614	4.180196428147438e-05
873	0.3532711	6.7012043432080775e-06
874	0.35389843	7.343600888680726e-06
875	0.35671997	1.1103194539646206e-05
876	0.35006053	4.2040147037280345e-06
877	0.34952743	3.892293578410442e-06
878	0.35572263	9.590757545807068e-06
879	0.35726845	1.203597503324099e-05
880	0.35253693	6.021483121567004e-06
881	0.36076876	2.0183514827339024e-05
882	0.36140742	2.2188378686364515e-05
883	0.36468784	3.61481061009736e-05
884	0.36731586	5.35345522253228e-05
885	0.35121751	4.970977647738286e-06
886	0.35416977	7.640531179510445e-06
887	0.35311498	6.550409025482783e-06
888	0.35179543	5.406010168804972e-06
889	0.36386021	3.195246937318857e-05
890	0.36103941	2.1009727948836736e-05
891	0.35630616	1.0448268281674573e-05
892	0.36427861	3.4008188940595676e-05
893	0.35745504	1.2371116565017391e-05
894	0.35706073	1.1673701109142644e-05
895	0.35910503	1.5779251757967198e-05
896	0.36768957	5.661506586320923e-05
897	0.36518073	3.890688109336957e-05
898	0.35637567	1.0555475253074075e-05
899	0.36630562	4.602612265835502e-05
900	0.35842872	1.4279961241366577e-05
901	0.36723329	5.287703012344495e-05
902	0.3570772	1.1702017344971738e-05
903	0.35084623	4.710457679957046e-06
904	0.37045914	8.57615338967151e-05
905	0.36187258	2.377447032733737e-05
906	0.35655136	1.083145187638543e-05
907	0.3552033	8.887809404434669e-06
908	0.35694105	1.1470017302000219e-05
909	0.3671619	5.231510034864383e-05
910	0.3583475	1.4109898676932295e-05
911	0.35575089	9.630591030031654e-06
912	0.36410626	3.314567217986446e-05
913	0.35936103	1.638756291506092e-05
914	0.36060094	1.968781046365204e-05
915	0.35663337	1.096277089221814e-05
916	0.35905627	1.5666007860500183e-05
917	0.3622125	2.5005658058021755e-05
918	0.35271296	6.1777852794327365e-06
919	0.35213281	5.677693299531883e-06
920	0.36613808	4.488778936025755e-05
921	0.35405352	7.51185145458421e-06
922	0.36343565	2.9994701983925552e-05
923	0.36720031	5.261668364982379e-05
924	0.35770237	1.282999830500751e-05
925	0.35727616	1.2049639096461644e-05
926	0.35765484	1.274049285828032e-05
927	0.36306286	2.837581343451264e-05
928	0.36443937	3.4833132277860794e-05
929	0.36343159	2.997657739949905e-05
930	0.36062419	1.975574349603048e-05
931	0.36636978	4.646972217160815e-05
932	0.35633931	1.0499257769709094e-05
933	0.36506074	3.821629752155453e-05
934	0.35546368	9.233458820849669e-06
935	0.3525263	6.012174233290839e-06
936	0.35609624	1.0131165328653594e-05
937	0.36839963	6.296892250784137e-05
938	0.35336917	6.797730042785891e-06
939	0.3564305	1.0640828262463367e-05
940	0.35737947	1.2234256198153845e-05
941	0.3522842	5.804080453064801e-06
942	0.35570106	9.560466474356207e-06
943	0.35351353	6.942395508501889e-06
944	0.36161593	2.2885666029425122e-05
945	0.36622782	4.549394162006081e-05
946	0.36106119	2.1077686210178125e-05
947	0.35216008	5.700250988839192e-06
948	0.36391291	3.220432845175117e-05
949	0.35972497	1.729351640855031e-05
950	0.36313249	2.867133622030331e-05
951	0.36076068	2.015936115553098e-05
952	0.35331183	6.741122621376184e-06
953	0.3631409	2.8707239794373355e-05
954	0.36061371	1.9725093167106623e-05
955	0.35734925	1.2179957412488556e-05
956	0.35914535	1.587352043692403e-05
957	0.36628882	4.5910675355638e-05
958	0.36267139	2.6770740243875907e-05
959	0.36420889	3.365658085320316e-05
960	0.36207092	2.448520435009259e-05
961	0.36061312	1.9723369056149502e-05
962	0.35869555	1.4853433245741523e-05
963	0.3483735	3.295697141166179e-06
964	0.36630809	4.6043120831124836e-05
965	0.35725041	1.2004065000965641e-05
966	0.3636496	3.096565138394327e-05
967	0.35643289	1.064456463309985e-05
968	0.35648822	1.073143725290437e-05
969	0.35524281	8.939400048193515e-06
970	0.36118568	2.1470414822634585e-05
971	0.3583621	1.4140316795754624e-05
972	0.36245059	2.5906248070652957e-05
973	0.37293908	0.00012448658535547095
974	0.35736092	1.2200896833437263e-05
975	0.36324265	2.9145244460550635e-05
976	0.36140891	2.2193284406725976e-05
977	0.36149856	2.2490479687867068e-05
978	0.35926696	1.6161317638637808e-05
979	0.36275008	2.708583556868729e-05
980	0.36471384	3.628857102812776e-05
981	0.35567322	9.52151391609971e-06
982	0.36394738	3.237014845169637e-05
983	0.35624588	1.0356192185757031e-05
984	0.36717931	5.24515817482859e-05
985	0.35666671	1.1016617728687427e-05
986	0.35927395	1.6178019702370205e-05
987	0.35724598	1.199624213680525e-05
988	0.35748633	1.242823779646095e-05
989	0.3595018	1.6732135511513288e-05
990	0.35673166	1.1122289458031452e-05
991	0.35958343	1.6935300711286932e-05
992	0.35654102	1.0815008621833745e-05
993	0.3570258	1.1613877181163818e-05
994	0.35602584	1.0027022030061514e-05
995	0.35467392	8.225032950135718e-06
996	0.35833311	1.4079983001971035e-05
997	0.35638718	1.0573334871831614e-05
998	0.35934646	1.6352312044176934e-05
999	0.35666556	1.1014755921715277e-05
