Dataset	Random-mean	P-value
0	0.23326792	2.3686489155692925e-09
1	0.22890813	8.541574326426913e-09
2	0.22777148	1.2010931044011453e-08
3	0.22393946	3.864702872502856e-08
4	0.22109725	9.370952803529824e-08
5	0.23248711	2.9716704774846323e-09
6	0.22790516	1.153734841072272e-08
7	0.22298704	5.191007918444432e-08
8	0.23150065	3.964891978847993e-09
9	0.22714798	1.449681817193637e-08
10	0.22976525	6.617171894735423e-09
11	0.23268613	2.804411600690425e-09
12	0.22541711	2.4539988214540303e-08
13	0.21774535	2.716468668289888e-07
14	0.23004974	6.081640755600511e-09
15	0.22983694	6.477829595493692e-09
16	0.22494628	2.834754023198208e-08
17	0.22600216	2.0526198424350554e-08
18	0.22911629	8.026984436079069e-09
19	0.22662741	1.697255018679165e-08
20	0.22493733	2.842549287008857e-08
21	0.22916706	7.906360110230307e-09
22	0.21947942	1.5622673607181848e-07
23	0.22002138	1.3157062958388195e-07
24	0.22094411	9.833385109421798e-08
25	0.2192053	1.704416471424008e-07
26	0.22492487	2.8534381620000332e-08
27	0.22217489	6.685422141619817e-08
28	0.22884878	8.694389366347927e-09
29	0.22326308	4.7646815832564765e-08
30	0.21951992	1.5423135543191922e-07
31	0.22300263	5.1659237406997934e-08
32	0.22139787	8.526582086056882e-08
33	0.22760948	1.2611591055682827e-08
34	0.22101861	9.605583215681074e-08
35	0.22773084	1.2158810452125985e-08
36	0.22051412	1.1260153150429394e-07
37	0.22500378	2.7851907661471696e-08
38	0.22643124	1.8014126057363806e-08
39	0.22340575	4.558517752810075e-08
40	0.23016536	5.876868206963399e-09
41	0.22528807	2.552836412615186e-08
42	0.22644436	1.7942468351753106e-08
43	0.2237893	4.048240118190744e-08
44	0.23269534	2.7969090847495024e-09
45	0.22575975	2.210093315975174e-08
46	0.22953024	7.0958494633216415e-09
47	0.22520344	2.619857908123892e-08
48	0.22951127	7.136001916290062e-09
49	0.22559333	2.325302254948477e-08
50	0.22931856	7.557319582424194e-09
51	0.22709219	1.4743467447248077e-08
52	0.22934529	7.49739233614125e-09
53	0.22959064	6.969538397615585e-09
54	0.23096231	4.644556261217969e-09
55	0.22512543	2.683228593870696e-08
56	0.22297429	5.211614927396771e-08
57	0.2300742	6.0377192639391115e-09
58	0.22292459	5.2927419622613764e-08
59	0.22449134	3.2600673220633336e-08
60	0.22088407	1.0020974509010904e-07
61	0.23476091	1.5406071068991138e-09
62	0.22413645	3.6367326686073535e-08
63	0.22452212	3.2293366488159964e-08
64	0.22426076	3.499984021525003e-08
65	0.23164104	3.80500504248783e-09
66	0.22393461	3.870496085968528e-08
67	0.22618329	1.9424754603372777e-08
68	0.22515521	2.658854336782025e-08
69	0.2271265	1.4591278562575255e-08
70	0.21641411	4.168825072699589e-07
71	0.22691328	1.556376625839577e-08
72	0.22990571	6.346984591275908e-09
73	0.22458135	3.171031203553715e-08
74	0.22061943	1.089229135852956e-07
75	0.22270196	5.672267873520964e-08
76	0.2218357	7.433337005821082e-08
77	0.22687809	1.5730526271218734e-08
78	0.2198043	1.4093204934785039e-07
79	0.226109	1.986901271023584e-08
80	0.22696975	1.529993134553845e-08
81	0.23298878	2.5683322276569218e-09
82	0.22100343	9.651559347736247e-08
83	0.22639318	1.8223658501564665e-08
84	0.22509292	2.7100980104036503e-08
85	0.22980967	6.530476320262073e-09
86	0.23151942	3.94312286016515e-09
87	0.2235892	4.306735474741095e-08
88	0.21676692	3.720383030549507e-07
89	0.22562583	2.3023306853801308e-08
90	0.22453308	3.218465769371101e-08
91	0.2231991	4.860202207856764e-08
92	0.2224404	6.153835483363747e-08
93	0.22828711	1.0286720774380274e-08
94	0.22632763	1.8590390300172193e-08
95	0.2297312	6.68442506775528e-09
96	0.21984956	1.3892579304274345e-07
97	0.21951703	1.543728780422636e-07
98	0.22468637	3.070279646209414e-08
99	0.22214571	6.746632606900618e-08
100	0.22910733	8.048467192461986e-09
101	0.22475466	3.0065249542444626e-08
102	0.22097045	9.752221488827829e-08
103	0.22177877	7.566991244098745e-08
104	0.22610363	1.9901525268029077e-08
105	0.23092429	4.696852640390062e-09
106	0.22623002	1.9150520453552047e-08
107	0.22955216	7.049740778773171e-09
108	0.21607596	4.650201606919289e-07
109	0.2261931	1.936685385685067e-08
110	0.22278113	5.5342208286672657e-08
111	0.22871805	9.040939325227202e-09
112	0.22281108	5.4828955847881075e-08
113	0.22154035	8.153893318762614e-08
114	0.21936844	1.6183037333647917e-07
115	0.22431191	3.445251164492487e-08
116	0.22685028	1.58636050722997e-08
117	0.22926351	7.682287926422635e-09
118	0.22171876	7.710531225178344e-08
119	0.2218202	7.469485987391968e-08
120	0.23159732	3.8540760260122655e-09
121	0.23601825	1.0762869197803845e-09
122	0.22503658	2.7573155178751637e-08
123	0.22636475	1.8381798809917923e-08
124	0.22614554	1.964921851712511e-08
125	0.22530991	2.535826605042825e-08
126	0.2200132	1.3191163310071268e-07
127	0.22700027	1.5159245965853335e-08
128	0.23523245	1.3461979283024015e-09
129	0.22702809	1.5032158849554617e-08
130	0.22598534	2.0631666204137437e-08
131	0.22097049	9.752098754171994e-08
132	0.22832218	1.0179074139252657e-08
133	0.22520033	2.6223547894801703e-08
134	0.22660161	1.7105943180418437e-08
135	0.22406543	3.7172955505393345e-08
136	0.22517408	2.6435268435788473e-08
137	0.23033843	5.583449207848359e-09
138	0.22578437	2.193551561716973e-08
139	0.22636133	1.8400916650586062e-08
140	0.22740999	1.339367610571776e-08
141	0.22189816	7.289466874977574e-08
142	0.22339414	4.5749490327084074e-08
143	0.22309369	5.021859884375757e-08
144	0.22620318	1.9307543227348427e-08
145	0.2249854	2.800936779225044e-08
146	0.22759423	1.2669694001555072e-08
147	0.22468275	3.073697519276811e-08
148	0.23648941	9.417280240435772e-10
149	0.22265714	5.7519719740095575e-08
150	0.22810575	1.0862276015030863e-08
151	0.23297193	2.5809243756302822e-09
152	0.2286887	9.120666499553738e-09
153	0.22350416	4.421637524952771e-08
154	0.22524128	2.589671665566692e-08
155	0.21994023	1.349936909447299e-07
156	0.21985466	1.3870155472441825e-07
157	0.22660194	1.710423024264842e-08
158	0.23244733	3.006309489752546e-09
159	0.22470424	3.053464223745241e-08
160	0.22095766	9.791546743152872e-08
161	0.22819487	1.0575443522497519e-08
162	0.22714912	1.4491822417503479e-08
163	0.22355542	4.352008088736339e-08
164	0.22591404	2.108492981847952e-08
165	0.22425741	3.503599505290888e-08
166	0.22569526	2.2540299148683294e-08
167	0.22426495	3.495467330185807e-08
168	0.22585092	2.1494680185276055e-08
169	0.22586199	2.142223407654402e-08
170	0.22282385	5.46115959459077e-08
171	0.23488221	1.4879993091203144e-09
172	0.23268323	2.8067782225245325e-09
173	0.22864125	9.25108567786014e-09
174	0.22728488	1.3909299296940246e-08
175	0.2314947	3.971818348215103e-09
176	0.22436785	3.386392502132096e-08
177	0.23146059	4.011765510085738e-09
178	0.22696741	1.5310772780788993e-08
179	0.22517383	2.6437293194224682e-08
180	0.22694684	1.5406414107691744e-08
181	0.2245578	3.194083765135309e-08
182	0.22252731	5.989360871602755e-08
183	0.22380079	4.0338869095057627e-08
184	0.22157548	8.064582648833219e-08
185	0.22542538	2.4477993521402007e-08
186	0.23179228	3.6401349798670466e-09
187	0.23553529	1.2347825484231743e-09
188	0.22609203	1.997194293920441e-08
189	0.21938084	1.611942427884586e-07
190	0.23297889	2.575715457495012e-09
191	0.21875546	1.9668437939221836e-07
192	0.23012779	5.9426220131898905e-09
193	0.2248665	2.9050181871208227e-08
194	0.21978718	1.4169860449365244e-07
195	0.22663064	1.6955925267587405e-08
196	0.22383506	3.9913848880957504e-08
197	0.23051851	5.294036363745466e-09
198	0.22427633	3.483230048723482e-08
199	0.22226429	6.50139170854898e-08
200	0.22028038	1.212254468122871e-07
201	0.22657782	1.722989354425796e-08
202	0.22732354	1.3747836024585661e-08
203	0.22630376	1.8725801531164724e-08
204	0.2223129	6.403504659829599e-08
205	0.22649405	1.7673706569251704e-08
206	0.22022348	1.2342480700799816e-07
207	0.22158399	8.043098229406833e-08
208	0.22108504	9.406995863555176e-08
209	0.22455099	3.200781767582905e-08
210	0.23476717	1.5378460331892264e-09
211	0.22702076	1.5065537639387967e-08
212	0.23123377	4.288079091080657e-09
213	0.21716933	3.26833172925186e-07
214	0.23212195	3.3056361732466048e-09
215	0.23572925	1.1684346540201357e-09
216	0.22237113	6.288221999444396e-08
217	0.22013078	1.2709538582143655e-07
218	0.22653122	1.747535555023418e-08
219	0.22194684	7.179308764012696e-08
220	0.22821668	1.0506435661257942e-08
221	0.23123494	4.2866048710389885e-09
222	0.22388858	3.925921173357817e-08
223	0.22852184	9.587800026295285e-09
224	0.22875712	8.93591344843654e-09
225	0.22274362	5.59919374341246e-08
226	0.23093115	4.6873723465258344e-09
227	0.22612194	1.9790890544606034e-08
228	0.22344993	4.4965398718706126e-08
229	0.22135306	8.647347583015706e-08
230	0.22810121	1.0877099246684779e-08
231	0.22941021	7.353861596734858e-09
232	0.22185605	7.386147592251729e-08
233	0.22199069	7.08153418545466e-08
234	0.22704142	1.49716513597291e-08
235	0.22595834	2.080212577926727e-08
236	0.22607455	2.0078536365063373e-08
237	0.23259465	2.8800607782167382e-09
238	0.22374762	4.1007454354052285e-08
239	0.22343215	4.521378459013193e-08
240	0.22617362	1.9482002189960257e-08
241	0.22106541	9.465238715417098e-08
242	0.22894205	8.455473634885236e-09
243	0.23311016	2.479464291421972e-09
244	0.22792907	1.1454678098741642e-08
245	0.22998571	6.1981712409492084e-09
246	0.23278001	2.728892604706039e-09
247	0.21969295	1.4599446008272617e-07
248	0.23276459	2.7411522561947826e-09
249	0.22648629	1.7715405940391533e-08
250	0.22340869	4.554366425703998e-08
251	0.22470417	3.053529908952507e-08
252	0.22880563	8.807246385021526e-09
253	0.22207403	6.89943303753702e-08
254	0.2285251	9.578442944538116e-09
255	0.23159497	3.856731931523363e-09
256	0.2354029	1.2822772482497344e-09
257	0.22380496	4.028690638789929e-08
258	0.225081	2.720018578931034e-08
259	0.22660443	1.7091310999926782e-08
260	0.22011459	1.277477683574378e-07
261	0.22470336	3.054290085606026e-08
262	0.22582299	2.167857898413948e-08
263	0.21706055	3.384720790770824e-07
264	0.22784241	1.1757224991072302e-08
265	0.22358448	4.313032305864007e-08
266	0.21769155	2.763732311285655e-07
267	0.22514894	2.6639673248815042e-08
268	0.22389752	3.915093401554999e-08
269	0.2361233	1.0446685126150373e-09
270	0.2193736	1.6156535097901834e-07
271	0.22618272	1.9428124300213448e-08
272	0.23028944	5.66495082878764e-09
273	0.22777922	1.1982976179699212e-08
274	0.22872374	9.025565548764944e-09
275	0.23213913	3.2890931979844595e-09
276	0.22790724	1.1530132509929842e-08
277	0.23068054	5.0467667050193515e-09
278	0.23147328	3.996856053589477e-09
279	0.22811586	1.082934076431118e-08
280	0.22546118	2.4211464731515557e-08
281	0.22762254	1.2562048701569338e-08
282	0.23395697	1.9410375670051333e-09
283	0.22094892	9.818512440802448e-08
284	0.21826839	2.2976891183805548e-07
285	0.22676947	1.6256873139605433e-08
286	0.22480589	2.9595860882592165e-08
287	0.22122994	8.988220300416769e-08
288	0.22200806	7.043179899502191e-08
289	0.22725587	1.4031731823372824e-08
290	0.23138867	4.097347037127556e-09
291	0.22448529	3.2661426580682465e-08
292	0.22194449	7.184587382479832e-08
293	0.22370694	4.1526614693532215e-08
294	0.22658086	1.7214003548984786e-08
295	0.22835943	1.0065997429369861e-08
296	0.22754034	1.2877218474136084e-08
297	0.22951306	7.132203235023913e-09
298	0.22724046	1.4097215076064667e-08
299	0.22298009	5.2022304292664764e-08
300	0.22233325	6.362973044861211e-08
301	0.2204064	1.1649542662224754e-07
302	0.22307971	5.043708060150519e-08
303	0.22219699	6.639440458909342e-08
304	0.23055158	5.242580735594087e-09
305	0.224752	3.008982809889222e-08
306	0.22704052	1.497572878712947e-08
307	0.22073341	1.050792320524239e-07
308	0.22332374	4.675886894347304e-08
309	0.22164683	7.886247664822604e-08
310	0.22340113	4.5650490711338804e-08
311	0.23542977	1.2724884081869071e-09
312	0.22068358	1.0674232162031157e-07
313	0.2201929	1.2462357062859556e-07
314	0.22039058	1.1707873893527438e-07
315	0.21562125	5.387897077839562e-07
316	0.22328703	4.7294195433272426e-08
317	0.22062336	1.087880285604544e-07
318	0.22749854	1.3040577235398557e-08
319	0.22420714	3.5583136277920065e-08
320	0.22220995	6.61262580937551e-08
321	0.23329592	2.349517581655532e-09
322	0.22294514	5.259042364715301e-08
323	0.22582109	2.1691147359264544e-08
324	0.22392187	3.885755990309405e-08
325	0.22853166	9.559642273299178e-09
326	0.22417748	3.591004171034783e-08
327	0.22261879	5.8210770950006e-08
328	0.22240865	6.215064237995142e-08
329	0.22789858	1.1560206066244935e-08
330	0.22302241	5.134275806578891e-08
331	0.23275458	2.7491408883828506e-09
332	0.22399369	3.800526056169876e-08
333	0.22693515	1.546103936425924e-08
334	0.22371273	4.1452314832482e-08
335	0.23136844	4.121755134123864e-09
336	0.22081402	1.0244456125346618e-07
337	0.22400893	3.782687339280547e-08
338	0.2266195	1.7013333625291446e-08
339	0.22568443	2.2614953808099047e-08
340	0.22950821	7.142500547349265e-09
341	0.22195819	7.153869786788362e-08
342	0.22658124	1.721201835307082e-08
343	0.2157918	5.09819925974146e-07
344	0.22364461	4.233512258416342e-08
345	0.22204934	6.952878223267649e-08
346	0.21983649	1.3950214595999665e-07
347	0.23004287	6.094035573823554e-09
348	0.22180129	7.513830622285306e-08
349	0.23306717	2.5105731810958824e-09
350	0.22571322	2.2417049699787837e-08
351	0.23132717	4.172011431906788e-09
352	0.23090415	4.724799050864581e-09
353	0.22435763	3.397068557408789e-08
354	0.21738878	3.045761073691743e-07
355	0.23394895	1.9455297629683825e-09
356	0.22725487	1.403597177160321e-08
357	0.22603701	2.0309425542877878e-08
358	0.22665774	1.6817094697706036e-08
359	0.22783079	1.1798409540954298e-08
360	0.2273236	1.3747586930064118e-08
361	0.22332672	4.6715685153021923e-08
362	0.22210402	6.835078363126254e-08
363	0.21624067	4.4090488240916727e-07
364	0.22473265	3.0269241951910104e-08
365	0.22681831	1.601801360562767e-08
366	0.22362512	4.259121913409755e-08
367	0.22477994	2.983268180451992e-08
368	0.2279479	1.1389998804647052e-08
369	0.22193934	7.196169264628808e-08
370	0.23753434	7.014543270860138e-10
371	0.22132599	8.721146276647714e-08
372	0.23408254	1.8720728543962265e-09
373	0.22479017	2.9739092097925554e-08
374	0.2278274	1.18104524340189e-08
375	0.21898375	1.8288867207439611e-07
376	0.22739406	1.345822828893178e-08
377	0.21978733	1.4169186977279532e-07
378	0.21866335	2.0254643025262016e-07
379	0.22842478	9.870714610275649e-09
380	0.22641953	1.8078329772391693e-08
381	0.22669751	1.6615457607885027e-08
382	0.22060623	1.0937721136228766e-07
383	0.22367024	4.2000737791955204e-08
384	0.23024515	5.739681442899439e-09
385	0.21907542	1.7762996356858871e-07
386	0.21830514	2.2708592978100528e-07
387	0.22350273	4.4235961978133237e-08
388	0.22944158	7.2855168186530085e-09
389	0.22436912	3.385068225246881e-08
390	0.22865529	9.212298354494804e-09
391	0.22176822	7.592027302600279e-08
392	0.22441802	3.3344784791848316e-08
393	0.22349074	4.440053797558457e-08
394	0.22762857	1.2539241448766276e-08
395	0.22442331	3.32905216058801e-08
396	0.22213127	6.777134308173595e-08
397	0.22707107	1.483795548262194e-08
398	0.22344402	4.504780627550373e-08
399	0.21913839	1.74107073617124e-07
400	0.22101818	9.606882492745851e-08
401	0.21755731	2.885344148443718e-07
402	0.23002969	6.117887303220893e-09
403	0.22841572	9.897555150538438e-09
404	0.22564823	2.2866330650510617e-08
405	0.22357229	4.32933818305642e-08
406	0.22855462	9.494136695939762e-09
407	0.22758446	1.2707061783309898e-08
408	0.22359523	4.298704655211306e-08
409	0.22277483	5.5450793782849186e-08
410	0.22500856	2.7811106089713522e-08
411	0.22030539	1.2027140551826062e-07
412	0.23177023	3.6637089382995344e-09
413	0.22235212	6.325623024917275e-08
414	0.22205502	6.940545738765544e-08
415	0.22287712	5.371432135027935e-08
416	0.22610406	1.98989198402733e-08
417	0.22280844	5.487400163689254e-08
418	0.22159678	8.010918193137967e-08
419	0.22556421	2.3460836631260375e-08
420	0.22677189	1.6244952453966013e-08
421	0.22589521	2.120632451396581e-08
422	0.2240281	3.760369808719582e-08
423	0.22092313	9.898524899577612e-08
424	0.22411581	3.659960566979537e-08
425	0.21917668	1.7199977887813567e-07
426	0.22569098	2.2569772420816834e-08
427	0.22379535	4.0406760238213586e-08
428	0.2211217	9.299200705871142e-08
429	0.22345412	4.490706763406434e-08
430	0.22789093	1.1586838930461912e-08
431	0.2242777	3.481759796505752e-08
432	0.22101705	9.610297725986016e-08
433	0.22921017	7.805391992114534e-09
434	0.23045145	5.399972398126482e-09
435	0.22573228	2.228700453252175e-08
436	0.22079464	1.030717690518846e-07
437	0.21912606	1.7479123703656374e-07
438	0.22414195	3.630568498797611e-08
439	0.22940435	7.366701138100214e-09
440	0.22468999	3.066865654474075e-08
441	0.22671633	1.6520901830661866e-08
442	0.21878207	1.9502323466162666e-07
443	0.22698811	1.521513968055926e-08
444	0.21703025	3.41788452299727e-07
445	0.22432322	3.433267393105475e-08
446	0.22134065	8.681100577949234e-08
447	0.21742529	3.0102557452535395e-07
448	0.22942952	7.31171429647581e-09
449	0.22310565	5.0032452609531175e-08
450	0.22074748	1.0461444001104378e-07
451	0.22504352	2.7514541421844955e-08
452	0.22503109	2.761961288917236e-08
453	0.22514009	2.6712013204940716e-08
454	0.22836791	1.0040435453341904e-08
455	0.21809145	2.431453230113648e-07
456	0.21930891	1.6492009442624998e-07
457	0.22392709	3.87949608836731e-08
458	0.22597243	2.0712992331011346e-08
459	0.23267925	2.8100295387141056e-09
460	0.22566208	2.2769819222028157e-08
461	0.22405661	3.727427089217223e-08
462	0.22900182	8.3059114620353e-09
463	0.22407927	3.701454174816265e-08
464	0.22096086	9.781692607380004e-08
465	0.21813581	2.3971908596035653e-07
466	0.22334067	4.651407343912152e-08
467	0.22942254	7.3269207093616095e-09
468	0.23098705	4.610847050977259e-09
469	0.22264757	5.7691379635081026e-08
470	0.22162586	7.938239670437879e-08
471	0.22540788	2.460936883829069e-08
472	0.21799	2.511695268758937e-07
473	0.22253041	5.983577748344159e-08
474	0.22972498	6.696785745887763e-09
475	0.22843444	9.842178559549667e-09
476	0.22270542	5.666161948233723e-08
477	0.22252001	6.003001727876652e-08
478	0.2210559	9.493587239350726e-08
479	0.21611928	4.585506596931592e-07
480	0.22716165	1.443702879657569e-08
481	0.22753787	1.2886813064070548e-08
482	0.22844234	9.818904360458524e-09
483	0.2273937	1.3459690765591269e-08
484	0.22548601	2.4028349858064635e-08
485	0.21855929	2.0938332708437937e-07
486	0.22268623	5.700111638763983e-08
487	0.22213661	6.765838237897537e-08
488	0.21687453	3.593607825723777e-07
489	0.226039	2.02971182442307e-08
490	0.22073214	1.051212889798904e-07
491	0.23188567	3.5420002638768424e-09
492	0.2323706	3.074296475181696e-09
493	0.21995852	1.3421434708848522e-07
494	0.22962848	6.891580419823892e-09
495	0.22508621	2.7156779360696985e-08
496	0.22169292	7.773191114586563e-08
497	0.22315668	4.9246095817210046e-08
498	0.23471804	1.5596527070069925e-09
499	0.22376938	4.073247671326113e-08
500	0.22401348	3.777378063487205e-08
501	0.22904363	8.202901862038954e-09
502	0.22238091	6.269068394863437e-08
503	0.22371288	4.145039176994946e-08
504	0.23042672	5.439584477540598e-09
505	0.21997432	1.3354479340839753e-07
506	0.22628695	1.8821766924167966e-08
507	0.2261348	1.9713562340470845e-08
508	0.22132236	8.73109115126528e-08
509	0.224603	3.149988413932715e-08
510	0.22366037	4.2129187540057735e-08
511	0.22327943	4.740580226811676e-08
512	0.23207229	3.3539357386955405e-09
513	0.22855465	9.494051406090897e-09
514	0.22705974	1.4888899300624226e-08
515	0.2262419	1.908143583977704e-08
516	0.22247002	6.097269167928984e-08
517	0.21872053	1.9888678874639431e-07
518	0.22394237	3.861231194243529e-08
519	0.22253949	5.966671550306068e-08
520	0.22878496	8.861837769437243e-09
521	0.22294366	5.261462059090145e-08
522	0.23106818	4.502051662923357e-09
523	0.2257699	2.2032583179772525e-08
524	0.21638367	4.2100028356539697e-07
525	0.22247582	6.08625496029391e-08
526	0.22723213	1.4132742597047838e-08
527	0.22229757	6.43421165935953e-08
528	0.22193161	7.213589081481801e-08
529	0.22282892	5.452554279127915e-08
530	0.22788149	1.1619790054070788e-08
531	0.22786619	1.1673399688755022e-08
532	0.22353161	4.3842103259361614e-08
533	0.22630459	1.872107617995292e-08
534	0.22385645	3.965088761067854e-08
535	0.2305058	5.3139499208994546e-09
536	0.22271223	5.654163796928718e-08
537	0.22374467	4.1044878619630206e-08
538	0.22512647	2.682373542946893e-08
539	0.22630775	1.8703096835820077e-08
540	0.22501736	2.7736149814684e-08
541	0.22545123	2.4285242982020475e-08
542	0.22280037	5.501193269109354e-08
543	0.22157367	8.069159731544854e-08
544	0.22830097	1.0244039303512085e-08
545	0.22176524	7.599114386878945e-08
546	0.22054544	1.1149444398286565e-07
547	0.22312493	4.973385852799837e-08
548	0.22909832	8.070129159207186e-09
549	0.22328451	4.733117216303415e-08
550	0.21895661	1.8447578322363713e-07
551	0.22323343	4.8087078208589285e-08
552	0.22640447	1.8161244869806515e-08
553	0.22232484	6.379691635277585e-08
554	0.21745706	2.979702588407324e-07
555	0.22558353	2.332274918511938e-08
556	0.22925282	7.706799321774161e-09
557	0.22149054	8.28225654674056e-08
558	0.22280343	5.495959010878392e-08
559	0.22053711	1.117878025030705e-07
560	0.21655707	3.980842270573644e-07
561	0.22837154	1.0029513544817016e-08
562	0.21388829	9.472391832565708e-07
563	0.22673939	1.64057928502601e-08
564	0.2245589	3.193003199283315e-08
565	0.22948727	7.187134414933431e-09
566	0.22987585	6.403462083958634e-09
567	0.23195289	3.4730457449827894e-09
568	0.22788423	1.1610215991054093e-08
569	0.22917817	7.880212178685377e-09
570	0.21973089	1.44249081200784e-07
571	0.22062821	1.0862180202093547e-07
572	0.22678041	1.620305482055616e-08
573	0.21731953	3.114279907679487e-07
574	0.22606902	2.01123793459398e-08
575	0.2215649	8.091374625156824e-08
576	0.21850714	2.1289755388333972e-07
577	0.22393998	3.864082270120777e-08
578	0.22489329	2.8812273623239697e-08
579	0.2269021	1.5616549772223883e-08
580	0.22457375	3.1784520441832604e-08
581	0.23118991	4.343719643305714e-09
582	0.21914792	1.7358014426128895e-07
583	0.21904343	1.7944737501119337e-07
584	0.2264138	1.8109831454121753e-08
585	0.22102286	9.59275115325936e-08
586	0.21705031	3.3958918418260256e-07
587	0.22342159	4.5361969766418273e-08
588	0.21884249	1.9130430156865743e-07
589	0.22595157	2.084509216499542e-08
590	0.22741098	1.3389674852671377e-08
591	0.22840183	9.93884977811205e-09
592	0.22273806	5.6088905088725735e-08
593	0.22861886	9.31328696601292e-09
594	0.22039928	1.1675758669779074e-07
595	0.22501107	2.7789705448529e-08
596	0.22419255	3.5743562326315735e-08
597	0.22478833	2.9755903293247777e-08
598	0.22188037	7.330152671163112e-08
599	0.22035324	1.1846736359940995e-07
600	0.22266423	5.739288043768095e-08
601	0.2246056	3.147470944500892e-08
602	0.23336787	2.3010798012095416e-09
603	0.22896249	8.404019138854523e-09
604	0.22214927	6.739134334783199e-08
605	0.22090606	9.95184911814048e-08
606	0.22257117	5.9080667033234073e-08
607	0.2177534	2.709467740882748e-07
608	0.21854609	2.1026721521474503e-07
609	0.22066415	1.0739805005955554e-07
610	0.22582271	2.1680430698131094e-08
611	0.22677364	1.6236337690954433e-08
612	0.2279376	1.1425331930242404e-08
613	0.22277782	5.539923168613154e-08
614	0.22249937	6.04174158641689e-08
615	0.22022818	1.2324160706495572e-07
616	0.22242736	6.178907854705746e-08
617	0.22759627	1.266190570902797e-08
618	0.22368655	4.1789352321664267e-08
619	0.22521079	2.6139665659473585e-08
620	0.23121813	4.30783569279748e-09
621	0.227693	1.2298175270341555e-08
622	0.22954526	7.064221754341994e-09
623	0.22577524	2.1996710429334844e-08
624	0.2164363	4.1390656385257064e-07
625	0.23150513	3.959684994869373e-09
626	0.21784462	2.6314060821934473e-07
627	0.22515207	2.661413653924466e-08
628	0.21743364	3.002194831189306e-07
629	0.22840782	9.921020084408512e-09
630	0.22953361	7.088740645815602e-09
631	0.226707	1.6567708833557973e-08
632	0.23057132	5.212110388269856e-09
633	0.22092226	9.901235598163893e-08
634	0.21925425	1.6780993908872359e-07
635	0.22488578	2.8878764646312318e-08
636	0.23101049	4.579140253781387e-09
637	0.22783662	1.1777727969881564e-08
638	0.22428304	3.4760350782670316e-08
639	0.22671528	1.6526162742368958e-08
640	0.23217258	3.2571263894646733e-09
641	0.2307053	5.010036189993052e-09
642	0.23074399	4.9531881831005026e-09
643	0.22055597	1.11124730107248e-07
644	0.22377625	4.06460531262468e-08
645	0.22932448	7.544005131435194e-09
646	0.22663265	1.6945588132786823e-08
647	0.22026077	1.2197888818662473e-07
648	0.2232292	4.8150225513226805e-08
649	0.22599179	2.0591156948904914e-08
650	0.23303138	2.536776893724725e-09
651	0.2328902	2.6429055551410484e-09
652	0.22713996	1.453201354577417e-08
653	0.22533186	2.518847766625771e-08
654	0.22702087	1.506503617022634e-08
655	0.23447454	1.672505954577663e-09
656	0.22704188	1.4969567779602486e-08
657	0.22694519	1.5414112284419976e-08
658	0.23147737	3.992062822651657e-09
659	0.22274387	5.598758139801307e-08
660	0.22260074	5.8538950249017485e-08
661	0.22346929	4.469652369539672e-08
662	0.22953223	7.091650793301889e-09
663	0.22270851	5.660714637299564e-08
664	0.22329341	4.720071149060871e-08
665	0.22740347	1.3420058351745483e-08
666	0.21489335	6.824837474071152e-07
667	0.23055604	5.23568044094027e-09
668	0.22307907	5.044710581503771e-08
669	0.22872063	9.0339651216991e-09
670	0.22396846	3.830247269447416e-08
671	0.22917357	7.891027753983539e-09
672	0.21992987	1.3543717798232606e-07
673	0.22392257	3.884915941527282e-08
674	0.22748847	1.3080247634379026e-08
675	0.23301428	2.549395467385298e-09
676	0.22221921	6.593534255647865e-08
677	0.21978752	1.4168333959439994e-07
678	0.22241128	6.209968852363995e-08
679	0.22877749	8.881651792795481e-09
680	0.22307969	5.04373938586533e-08
681	0.22499482	2.7928554069141316e-08
682	0.22699177	1.5198294278794084e-08
683	0.22702463	1.5047905299665824e-08
684	0.21861627	2.0561105851725327e-07
685	0.22519807	2.6241707684458698e-08
686	0.22276839	5.5562016975131345e-08
687	0.22408818	3.691292202057683e-08
688	0.21999369	1.3272859480564597e-07
689	0.22743338	1.3299467415299189e-08
690	0.22816571	1.0668432105035527e-08
691	0.23072299	4.983961477291485e-09
692	0.23122876	4.294397651018325e-09
693	0.23032547	5.604892473395306e-09
694	0.22401769	3.7724723012474006e-08
695	0.23104728	4.52982471498258e-09
696	0.23459964	1.6135175779307343e-09
697	0.23156503	3.890733841967156e-09
698	0.23079081	4.885276838139673e-09
699	0.22877499	8.888293110367613e-09
700	0.22065578	1.0768178657382992e-07
701	0.22873103	9.005907819074494e-09
702	0.22307157	5.056474043669468e-08
703	0.22487508	2.897376968204716e-08
704	0.22208883	6.867597270525218e-08
705	0.22268658	5.6994905873679434e-08
706	0.21646469	4.101305812549838e-07
707	0.22344155	4.508229299379288e-08
708	0.22591588	2.1073105713326153e-08
709	0.21808684	2.435042321007094e-07
710	0.22901849	8.264682924173422e-09
711	0.22621855	1.921746338818034e-08
712	0.23068808	5.035552298192962e-09
713	0.22235051	6.32880100691085e-08
714	0.22238509	6.260900252544243e-08
715	0.21688704	3.579157584527593e-07
716	0.22302369	5.132234639157363e-08
717	0.23164154	3.804447562679575e-09
718	0.22868012	9.144109061744466e-09
719	0.22279977	5.5022201905247685e-08
720	0.22053185	1.1197344952052957e-07
721	0.22544955	2.4297722659393243e-08
722	0.22702121	1.5063486282524948e-08
723	0.22866537	9.184553681855922e-09
724	0.22995296	6.25865513518504e-09
725	0.22544299	2.4346515601470758e-08
726	0.2286681	9.177054221451249e-09
727	0.22684692	1.5879761374631705e-08
728	0.23163046	3.816820951879089e-09
729	0.23057243	5.2104024041087865e-09
730	0.22658516	1.7191553143368654e-08
731	0.22464081	3.113580213501388e-08
732	0.21643091	4.146274361145146e-07
733	0.22433112	3.424922021312126e-08
734	0.22447756	3.273921856067343e-08
735	0.2239506	3.8514298926820366e-08
736	0.22948586	7.1901500854551134e-09
737	0.22157372	8.069033257229312e-08
738	0.22138217	8.56869756175261e-08
739	0.23196253	3.4632703447188715e-09
740	0.21902426	1.8054551835943354e-07
741	0.21972712	1.4442155990417745e-07
742	0.22257655	5.898172722861774e-08
743	0.21899531	1.8221688653938312e-07
744	0.22772007	1.2198311166333831e-08
745	0.22827136	1.0335443315509197e-08
746	0.22920451	7.818572699438243e-09
747	0.22228885	6.451745368683383e-08
748	0.22676105	1.6298418971804896e-08
749	0.22414346	3.628878021111935e-08
750	0.22506902	2.7300264615349916e-08
751	0.22969723	6.752217514481253e-09
752	0.22698392	1.5234447880368574e-08
753	0.23054127	5.258567526753617e-09
754	0.22910348	8.057716126531865e-09
755	0.22025051	1.2237498993732544e-07
756	0.23447437	1.6725876013785806e-09
757	0.22196101	7.147563535142951e-08
758	0.22987852	6.398391144758449e-09
759	0.22805799	1.101925408026577e-08
760	0.22681137	1.6051734850045058e-08
761	0.22193602	7.20364573517439e-08
762	0.22247166	6.094152745506388e-08
763	0.22845873	9.770797169420579e-09
764	0.22907347	8.130183572705404e-09
765	0.22796802	1.1321301163133094e-08
766	0.22523476	2.5948474402382344e-08
767	0.23177189	3.6619287787548433e-09
768	0.22828915	1.0280427254376263e-08
769	0.2225832	5.8859665299799915e-08
770	0.22479644	2.968187893384701e-08
771	0.2235595	4.34651430036268e-08
772	0.22486268	2.908426840506157e-08
773	0.2239538	3.847625798257524e-08
774	0.22601179	2.0466062851182217e-08
775	0.21959754	1.5047934915264018e-07
776	0.22728427	1.3911862438852936e-08
777	0.22092471	9.893603955718982e-08
778	0.22351734	4.403626485898235e-08
779	0.2221385	6.761844793259279e-08
780	0.231789	3.6436318122701304e-09
781	0.22956361	7.025777754539221e-09
782	0.22230095	6.427428414327138e-08
783	0.2233006	4.709558488488617e-08
784	0.22346685	4.473032026136921e-08
785	0.22644758	1.7924926197387485e-08
786	0.21660954	3.914028944145025e-07
787	0.22564457	2.2891904503623003e-08
788	0.22601891	2.0421717031989276e-08
789	0.22851701	9.601680626737023e-09
790	0.22671241	1.6540551307110646e-08
791	0.22205807	6.933932750339981e-08
792	0.22319121	4.872116387066572e-08
793	0.23272893	2.769720320139142e-09
794	0.22152054	8.204700122022359e-08
795	0.2230947	5.020285185202046e-08
796	0.23291206	2.6261797595695678e-09
797	0.2254791	2.4079166787518437e-08
798	0.21861165	2.059143246917378e-07
799	0.22351997	4.400041448808511e-08
800	0.22304792	5.09375178685752e-08
801	0.22206916	6.909941605873425e-08
802	0.22677441	1.6232548674856565e-08
803	0.22484713	2.9223445933133326e-08
804	0.21940984	1.5971644024724974e-07
805	0.23203005	3.395587314770254e-09
806	0.22168306	7.797237457509237e-08
807	0.22719807	1.4278963848306206e-08
808	0.21882866	1.921491362939881e-07
809	0.22589835	2.1186031811389283e-08
810	0.23091156	4.714497136105975e-09
811	0.22237603	6.278618162468673e-08
812	0.226128	1.975441273587568e-08
813	0.22295017	5.2508271576521355e-08
814	0.22628	1.8861590005346997e-08
815	0.2282924	1.0270408947812062e-08
816	0.22406363	3.719360925577553e-08
817	0.22709549	1.4728759357987927e-08
818	0.22938134	7.4173394564190136e-09
819	0.22778669	1.1956059582609974e-08
820	0.22494917	2.8322415596604504e-08
821	0.21774901	2.7132833596435673e-07
822	0.22316162	4.9170644586944185e-08
823	0.22729494	1.3867098040130443e-08
824	0.22603276	2.033573551661376e-08
825	0.22901007	8.285481179069532e-09
826	0.22499766	2.7904236601660372e-08
827	0.22940616	7.362732894399504e-09
828	0.21906211	1.7838384213695067e-07
829	0.22708353	1.4782136490643524e-08
830	0.23100071	4.592342223335614e-09
831	0.22518124	2.6377346539229115e-08
832	0.22414966	3.621945406844429e-08
833	0.22674331	1.6386307003561767e-08
834	0.22863177	9.277369865157326e-09
835	0.23023948	5.749321046794727e-09
836	0.22678257	1.6192450448491215e-08
837	0.22757627	1.273847329384813e-08
838	0.21971226	1.4510345785660277e-07
839	0.22192436	7.229966283052573e-08
840	0.21927741	1.6657923911639603e-07
841	0.2228555	5.4076658841184435e-08
842	0.22424032	3.5221033071182004e-08
843	0.22527437	2.5635659317279695e-08
844	0.23120386	4.325943020452135e-09
845	0.22536969	2.4898574399731587e-08
846	0.22614949	1.9625607908394416e-08
847	0.22656651	1.7289142367827762e-08
848	0.22269835	5.67864566266359e-08
849	0.22538159	2.4808087468623963e-08
850	0.2290816	8.110485825332557e-09
851	0.22599868	2.054797404919708e-08
852	0.22166385	7.844304446365393e-08
853	0.22226938	6.49107071285578e-08
854	0.21934629	1.6297305587846666e-07
855	0.22371154	4.146757435615064e-08
856	0.2241987	3.567584943806088e-08
857	0.22313373	4.959817580894165e-08
858	0.23206246	3.3635818410079188e-09
859	0.23580965	1.142014700383532e-09
860	0.23344589	2.2497108523092438e-09
861	0.22119457	9.088656961511703e-08
862	0.22217643	6.682207485601351e-08
863	0.2285535	9.497321411247182e-09
864	0.22387159	3.9465831171148645e-08
865	0.22152814	8.185170311922212e-08
866	0.22315912	4.920881365263286e-08
867	0.22601448	2.0449297047351834e-08
868	0.2260388	2.0298354814090643e-08
869	0.22451039	3.2410128135386535e-08
870	0.2278768	1.1636196518343642e-08
871	0.22859495	9.380183506771379e-09
872	0.22514047	2.6708902963342465e-08
873	0.22058849	1.0999080302013804e-07
874	0.21764518	2.8051394425935675e-07
875	0.22234409	6.341489660710072e-08
876	0.22673876	1.640892671281223e-08
877	0.21805819	2.457468791980214e-07
878	0.22357363	4.3275426664338746e-08
879	0.22936199	7.46019885149611e-09
880	0.22751438	1.2978424933134764e-08
881	0.22888096	8.611187936056908e-09
882	0.22779535	1.1924932447132534e-08
883	0.2292165	7.790677956038274e-09
884	0.22196639	7.135548179912689e-08
885	0.22385252	3.969906871191147e-08
886	0.2178494	2.6273792417407313e-07
887	0.22971522	6.716228453352301e-09
888	0.22523045	2.5982746499624843e-08
889	0.22631394	1.8667928929421667e-08
890	0.22957699	6.997881142486049e-09
891	0.22516547	2.650509241813607e-08
892	0.22158951	8.029193602183975e-08
893	0.22450203	3.249360749337371e-08
894	0.22481393	2.9522877738171313e-08
895	0.224446	3.305879550324991e-08
896	0.23034105	5.579124442103804e-09
897	0.22195693	7.156689307478098e-08
898	0.23271912	2.7776327191379746e-09
899	0.22901374	8.276409330201376e-09
900	0.23193245	3.4938664458736705e-09
901	0.22307471	5.051545671597882e-08
902	0.22169989	7.75623846898146e-08
903	0.22471934	3.0393286619492433e-08
904	0.22682779	1.597206757017423e-08
905	0.22456423	3.1877726509350195e-08
906	0.2285718	9.445422117716197e-09
907	0.22381031	4.022033965893771e-08
908	0.22845641	9.777592052731944e-09
909	0.23347545	2.230556650068585e-09
910	0.21572662	5.206999128664175e-07
911	0.22875527	8.940858253236221e-09
912	0.22430853	3.448840804448851e-08
913	0.22488684	2.88693702705832e-08
914	0.22953234	7.091418780184442e-09
915	0.21898649	1.8272921498985054e-07
916	0.21990237	1.366215999872527e-07
917	0.22929914	7.601165451836555e-09
918	0.22542933	2.4448439481544718e-08
919	0.22453391	3.217644042176861e-08
920	0.22051369	1.1261680868418934e-07
921	0.22839563	9.957339077594122e-09
922	0.22754712	1.2850919435346248e-08
923	0.22686814	1.5778008249193417e-08
924	0.22558678	2.3299601912417024e-08
925	0.22941369	7.346247590181356e-09
926	0.22355632	4.3507956146823335e-08
927	0.22323714	4.803176326465102e-08
928	0.22375764	4.0880598598645675e-08
929	0.22192614	7.22594188902679e-08
930	0.22910954	8.043162972360265e-09
931	0.22222034	6.591208360897259e-08
932	0.22694252	1.542657766537027e-08
933	0.23056779	5.217545896758369e-09
934	0.2279386	1.1421896621619434e-08
935	0.22056213	1.1090902865593441e-07
936	0.2282947	1.0263325104284619e-08
937	0.22267205	5.725331241436602e-08
938	0.22766185	1.2414126167002758e-08
939	0.2285396	9.536937072503848e-09
940	0.22929303	7.615014187339357e-09
941	0.22426534	3.4950472250354514e-08
942	0.22869821	9.09475479357334e-09
943	0.21888327	1.888351150356097e-07
944	0.22617159	1.9494041920587206e-08
945	0.2285915	9.389876584739986e-09
946	0.22377582	4.0651456967438996e-08
947	0.23170646	3.732770310948996e-09
948	0.2216403	7.902400498721533e-08
949	0.22533228	2.518524021594315e-08
950	0.22444269	3.309249664882874e-08
951	0.22479139	2.9727950892922215e-08
952	0.21925468	1.6778700516351768e-07
953	0.22769065	1.2306884016509873e-08
954	0.23618364	1.0269394888349767e-09
955	0.22140149	8.516901359941821e-08
956	0.22752253	1.294656442262669e-08
957	0.22912413	8.008235158459407e-09
958	0.2251897	2.6309075152414336e-08
959	0.22196539	7.137779957731707e-08
960	0.22258474	5.883143509481556e-08
961	0.22956925	7.014004794241968e-09
962	0.22566186	2.277134899794062e-08
963	0.22852148	9.588833896846871e-09
964	0.23159931	3.8518284474297474e-09
965	0.22766036	1.2419700389822289e-08
966	0.22569209	2.2562124871807397e-08
967	0.2208944	9.988441494825184e-08
968	0.22417234	3.596700455108491e-08
969	0.23504364	1.4208301036386523e-09
970	0.22075857	1.0424956698162375e-07
971	0.22632816	1.858739506640919e-08
972	0.22597033	2.072625215771731e-08
973	0.23027099	5.6959597647566885e-09
974	0.22630399	1.872449197440941e-08
975	0.22896791	8.390428955348965e-09
976	0.22571534	2.2402546832683865e-08
977	0.22726559	1.3990587691225275e-08
978	0.22279211	5.5153477548087314e-08
979	0.22984925	6.454206746031305e-09
980	0.22253744	5.970484214452011e-08
981	0.22239037	6.250598114077459e-08
982	0.22291142	5.31445500083587e-08
983	0.22163047	7.926779966815508e-08
984	0.22459345	3.1592529340769364e-08
985	0.22648612	1.7716320582350865e-08
986	0.22097446	9.739925168720804e-08
987	0.22390164	3.910113688675059e-08
988	0.2310216	4.564190065044818e-09
989	0.21938388	1.6103867721245843e-07
990	0.2194135	1.5953091438912803e-07
991	0.2223414	6.346813957724996e-08
992	0.2305827	5.194626855999255e-09
993	0.22508033	2.7205772946528116e-08
994	0.22727909	1.393364760838568e-08
995	0.22593125	2.0974600191167798e-08
996	0.22664572	1.68785279895063e-08
997	0.22689713	1.5640073083403767e-08
998	0.22210569	6.83151280516704e-08
999	0.22400755	3.7842991304214315e-08
